-80 20 18.807
-79 20 23.776
-78 20 27.897
-77 20 36.254
-76 20 32.396
-75 20 30.167
-74 20 18.873
-73 20 27.265
-72 20 24.039
-71 20 27.118
-70 20 17.507
-69 20 26.855
-68 20 5.0638
-67 20 2.9482
-66 20 -0.668
-65 20 -1.98
-64 20 2.2471
-63 20 3.6206
-62 20 7.9543
-61 20 7.8723
-60 20 10.123
-59 20 9.7829
-58 20 9.0695
-57 20 8.8112
-56 20 8.8071
-55 20 10.168
-54 20 8.6103
-53 20 9.9879
-52 20 10.345
-51 20 11.345
-50 20 12.489
-49 20 12.796
-48 20 14.436
-47 20 15.06
-46 20 19.787
-45 20 17.278
-44 20 13.514
-43 20 14.35
-42 20 9.1433
-41 20 10.406
-40 20 12.165
-39 20 7.6837
-38 20 7.0769
-37 20 7.7452
-36 20 4.0757
-35 20 6.2364
-34 20 8.8071
-33 20 8.7046
-32 20 9.0572
-31 20 10.422
-30 20 11.156
-80 19 9.8977
-79 19 8.0527
-78 19 8.9752
-77 19 11.48
-76 19 18.155
-75 19 20.549
-74 19 18.565
-73 19 27.023
-72 19 32.209
-71 19 46.16
-70 19 30.808
-69 19 30.027
-68 19 19.545
-67 19 13.096
-66 19 15.051
-65 19 17.265
-64 19 17.987
-63 19 7.1343
-62 19 5.0023
-61 19 2.1364
-60 19 6.1831
-59 19 9.008
-58 19 7.3844
-57 19 6.6915
-56 19 8.7005
-55 19 8.4422
-54 19 9.8075
-53 19 8.9219
-52 19 8.8112
-51 19 9.7378
-50 19 12.448
-49 19 12.932
-48 19 14.33
-47 19 14.1
-46 19 15.523
-45 19 15.835
-44 19 13.235
-43 19 13.169
-42 19 10.455
-41 19 8.5037
-40 19 9.2745
-39 19 8.8153
-38 19 7.0974
-37 19 8.7989
-36 19 8.1921
-35 19 7.6345
-34 19 9.3565
-33 19 9.2212
-32 19 8.3028
-31 19 10.246
-30 19 9.5123
-80 18 10.447
-79 18 24.859
-78 18 28.741
-77 18 30.227
-76 18 26.888
-75 18 23.256
-74 18 22.395
-73 18 19.131
-72 18 12.723
-71 18 18.331
-70 18 26.933
-69 18 25.125
-68 18 24.125
-67 18 30.053
-66 18 30.22
-65 18 13.985
-64 18 20.828
-63 18 29.959
-62 18 23.493
-61 18 9.3811
-60 18 3.4648
-59 18 6.5439
-58 18 6.7817
-57 18 8.0814
-56 18 8.0117
-55 18 8.9178
-54 18 11.115
-53 18 10.308
-52 18 11.251
-51 18 10.873
-50 18 12.755
-49 18 15.527
-48 18 12.013
-47 18 15.15
-46 18 17.126
-45 18 13.407
-44 18 13.444
-43 18 9.5492
-42 18 12.985
-41 18 8.1716
-40 18 7.6714
-39 18 9.5328
-38 18 4.2192
-37 18 11.247
-36 18 7.6468
-35 18 8.1634
-34 18 8.2495
-33 18 10.431
-32 18 10.103
-31 18 11.083
-30 18 10.943
-80 17 26.593
-79 17 25.88
-78 17 29.996
-77 17 21.218
-76 17 22.538
-75 17 23.756
-74 17 14.297
-73 17 12.366
-72 17 16.441
-71 17 13.776
-70 17 11.796
-69 17 9.5697
-68 17 9.3647
-67 17 10.222
-66 17 11.103
-65 17 11.796
-64 17 21.521
-63 17 26.13
-62 17 29.512
-61 17 16.425
-60 17 9.4959
-59 17 5.5886
-58 17 6.3389
-57 17 6.1503
-56 17 6.7243
-55 17 6.9908
-54 17 7.6755
-53 17 9.1638
-52 17 11.054
-51 17 10.279
-50 17 13.871
-49 17 15.453
-48 17 13.247
-47 17 17.122
-46 17 16.675
-45 17 15.876
-44 17 13.362
-43 17 9.7911
-42 17 8.6964
-41 17 13.124
-40 17 8.4176
-39 17 8.8071
-38 17 9.582
-37 17 8.5775
-36 17 9.1351
-35 17 9.0572
-34 17 8.5652
-33 17 9.2212
-32 17 10.55
-31 17 10.66
-30 17 11.968
-80 16 29.799
-79 16 29.262
-78 16 20.759
-77 16 19.775
-76 16 17.216
-75 16 17.741
-74 16 12.887
-73 16 16.896
-72 16 15.83
-71 16 13.588
-70 16 14.194
-69 16 13.469
-68 16 11.985
-67 16 11.111
-66 16 11.419
-65 16 12.604
-64 16 20.779
-63 16 21.357
-62 16 22.915
-61 16 25.224
-60 16 12.243
-59 16 8.8686
-58 16 7.4664
-57 16 9.7296
-56 16 9.4795
-55 16 7.8887
-54 16 7.4049
-53 16 7.5197
-52 16 8.3233
-51 16 11.534
-50 16 12.157
-49 16 16.671
-48 16 10.853
-47 16 15.998
-46 16 17.54
-45 16 13.243
-44 16 11.903
-43 16 10.73
-42 16 10.058
-41 16 6.9621
-40 16 8.2905
-39 16 9.5984
-38 16 9.1761
-37 16 10.172
-36 16 10.849
-35 16 7.5197
-34 16 8.4176
-33 16 8.5283
-32 16 9.6107
-31 16 7.9748
-30 16 8.475
-80 15 22.616
-79 15 21.222
-78 15 23.186
-77 15 15.162
-76 15 15.486
-75 15 12.936
-74 15 12.841
-73 15 16.958
-72 15 16.573
-71 15 13.953
-70 15 13.448
-69 15 13.153
-68 15 11.357
-67 15 9.4549
-66 15 10.439
-65 15 13.186
-64 15 19.762
-63 15 23.317
-62 15 18.766
-61 15 27.548
-60 15 13.079
-59 15 13.493
-58 15 10.468
-57 15 7.7616
-56 15 7.614
-55 15 7.5238
-54 15 7.7329
-53 15 9.4221
-52 15 11.55
-51 15 10.496
-50 15 17.085
-49 15 20.39
-48 15 16.63
-47 15 11.62
-46 15 12.792
-45 15 14.256
-44 15 11.825
-43 15 10.213
-42 15 11.058
-41 15 10.898
-40 15 8.6062
-39 15 8.1265
-38 15 7.0851
-37 15 7.5156
-36 15 6.8924
-35 15 5.1376
-34 15 5.6419
-33 15 7.2163
-32 15 6.4619
-31 15 8.5488
-30 15 7.6509
-80 14 22.185
-79 14 17.909
-78 14 16.273
-77 14 13.428
-76 14 13.379
-75 14 14.498
-74 14 13.329
-73 14 13.461
-72 14 13.514
-71 14 12.14
-70 14 12.034
-69 14 10.759
-68 14 9.5492
-67 14 9.254
-66 14 9.8362
-65 14 14.424
-64 14 18.249
-63 14 24.371
-62 14 17.848
-61 14 30.868
-60 14 24.485
-59 14 15.174
-58 14 13.046
-57 14 10.217
-56 14 9.0695
-55 14 7.8272
-54 14 8.9588
-53 14 8.7087
-52 14 8.6103
-51 14 8.6759
-50 14 10.865
-49 14 11.206
-48 14 13.469
-47 14 12.85
-46 14 16.966
-45 14 17.901
-44 14 15.408
-43 14 14.687
-42 14 11.156
-41 14 10.837
-40 14 10.189
-39 14 9.2663
-38 14 8.4586
-37 14 7.6345
-36 14 6.4701
-35 14 5.6419
-34 14 6.4537
-33 14 6.4906
-32 14 7.6919
-31 14 5.1909
-30 14 6.2282
-80 13 16.244
-79 13 15.835
-78 13 14.014
-77 13 13.85
-76 13 14.211
-75 13 13.817
-74 13 13.694
-73 13 19.488
-72 13 23.629
-71 13 23.481
-70 13 24.383
-69 13 21.579
-68 13 18.393
-67 13 12.038
-66 13 9.5984
-65 13 15.101
-64 13 18.159
-63 13 22.768
-62 13 17.782
-61 13 26.281
-60 13 22.034
-59 13 22.985
-58 13 17.06
-57 13 10.341
-56 13 10.513
-55 13 10.033
-54 13 10.025
-53 13 9.2827
-52 13 8.4299
-51 13 9.623
-50 13 9.6968
-49 13 9.5041
-48 13 13.998
-47 13 11.603
-46 13 16.486
-45 13 20.808
-44 13 14.904
-43 13 16.117
-42 13 10.23
-41 13 9.8895
-40 13 14.678
-39 13 8.4053
-38 13 8.8563
-37 13 5.4861
-36 13 5.9699
-35 13 4.1782
-34 13 6.9949
-33 13 6.3799
-32 13 5.9125
-31 13 7.0605
-30 13 6.6095
-80 12 19.955
-79 12 15.49
-78 12 14.793
-77 12 15.191
-76 12 16.388
-75 12 15.572
-74 12 23.354
-73 12 26.876
-72 12 30.274
-71 12 29.939
-70 12 30.607
-69 12 25.01
-68 12 23.424
-67 12 24.748
-66 12 27.774
-65 12 21.447
-64 12 28.926
-63 12 21.542
-62 12 28.331
-61 12 22.595
-60 12 23.53
-59 12 23.239
-58 12 19.406
-57 12 12.063
-56 12 11.345
-55 12 10.71
-54 12 10.345
-53 12 9.7337
-52 12 9.8485
-51 12 9.4303
-50 12 9.7296
-49 12 10.172
-48 12 10.517
-47 12 11.919
-46 12 14.199
-45 12 14.707
-44 12 20.906
-43 12 12.641
-42 12 13.44
-41 12 13.305
-40 12 9.7214
-39 12 7.4459
-38 12 11.423
-37 12 6.8432
-36 12 8.311
-35 12 7.4623
-34 12 7.3967
-33 12 7.5648
-32 12 8.2905
-31 12 4.6989
-30 12 6.2036
-80 11 15.507
-79 11 15.49
-78 11 15.601
-77 11 16.777
-76 11 20.275
-75 11 29.996
-74 11 42.843
-73 11 34.566
-72 11 30.013
-71 11 30.1
-70 11 31.235
-69 11 30.834
-68 11 28.528
-67 11 28.245
-66 11 29.529
-65 11 29.709
-64 11 30.841
-63 11 29.824
-62 11 29.598
-61 11 29.639
-60 11 25.224
-59 11 23.612
-58 11 19.442
-57 11 13.379
-56 11 11.985
-55 11 11.447
-54 11 10.845
-53 11 10.119
-52 11 9.4795
-51 11 9.4713
-50 11 9.7952
-49 11 9.7091
-48 11 10.98
-47 11 11.181
-46 11 9.9018
-45 11 10.906
-44 11 13.838
-43 11 14.703
-42 11 11.71
-41 11 13.055
-40 11 14.83
-39 11 10.808
-38 11 10.201
-37 11 11.476
-36 11 11.357
-35 11 9.1146
-34 11 7.8969
-33 11 6.5111
-32 11 8.2126
-31 11 7.8231
-30 11 5.6501
-80 10 21.579
-79 10 21.386
-78 10 23.477
-77 10 17.183
-76 10 29.43
-75 10 31.242
-74 10 30.467
-73 10 47.896
-72 10 29.992
-71 10 30.2
-70 10 35.861
-69 10 31.762
-68 10 33.491
-67 10 34.132
-66 10 33.251
-65 10 31.896
-64 10 39.385
-63 10 30.08
-62 10 29.996
-61 10 29.844
-60 10 29.471
-59 10 23.03
-58 10 17.524
-57 10 15.429
-56 10 14.514
-55 10 13.703
-54 10 11.247
-53 10 10.177
-52 10 9.8936
-51 10 10
-50 10 9.9223
-49 10 10.23
-48 10 10.111
-47 10 10.045
-46 10 10.271
-45 10 10.763
-44 10 11.566
-43 10 13.686
-42 10 16.376
-41 10 15.671
-40 10 14.121
-39 10 11.903
-38 10 10.463
-37 10 13.083
-36 10 12.575
-35 10 10.603
-34 10 8.1511
-33 10 8.4627
-32 10 8.6759
-31 10 9.2663
-30 10 8.352
-80 9 30.347
-79 9 30.394
-78 9 32.089
-77 9 26.372
-76 9 30.541
-75 9 30.22
-74 9 30.174
-73 9 30.868
-72 9 30.02
-71 9 38.871
-70 9 31.742
-69 9 30.587
-68 9 30.521
-67 9 30.828
-66 9 31.055
-65 9 30.814
-64 9 31.455
-63 9 30.487
-62 9 30.06
-61 9 30.113
-60 9 29.816
-59 9 27.794
-58 9 19.779
-57 9 17.622
-56 9 16.663
-55 9 16.798
-54 9 23.202
-53 9 10.894
-52 9 10.623
-51 9 10.791
-50 9 10.91
-49 9 11.062
-48 9 10.996
-47 9 10.861
-46 9 10.726
-45 9 10.304
-44 9 10.841
-43 9 11.517
-42 9 9.6312
-41 9 13.169
-40 9 16.634
-39 9 15.81
-38 9 14.252
-37 9 11.915
-36 9 12.489
-35 9 10.632
-34 9 10.148
-33 9 9.3852
-32 9 9.9592
-31 9 8.1716
-30 9 7.3516
-80 8 29.811
-79 8 29.75
-78 8 31.155
-77 8 30.02
-76 8 34.225
-75 8 30.294
-74 8 32.189
-73 8 45.646
-72 8 50.045
-71 8 31.602
-70 8 30.701
-69 8 30.514
-68 8 30.38
-67 8 30.3
-66 8 30.461
-65 8 30.627
-64 8 30.16
-63 8 30.668
-62 8 32.169
-61 8 30.941
-60 8 30.174
-59 8 29.98
-58 8 29.803
-57 8 24.162
-56 8 20.98
-55 8 21.685
-54 8 25.748
-53 8 24.338
-52 8 14.715
-51 8 11.837
-50 8 12.124
-49 8 11.907
-48 8 11.956
-47 8 11.763
-46 8 11.673
-45 8 11.111
-44 8 10.886
-43 8 10.578
-42 8 10.267
-41 8 13.075
-40 8 16.519
-39 8 16.486
-38 8 12.595
-37 8 15.248
-36 8 15.22
-35 8 13.743
-34 8 10.726
-33 8 8.9055
-32 8 10.258
-31 8 9.7747
-30 8 12.727
-80 7 17.651
-79 7 16.142
-78 7 17.511
-77 7 30.047
-76 7 46.287
-75 7 38.818
-74 7 30.547
-73 7 42.709
-72 7 31.776
-71 7 30.928
-70 7 30.688
-69 7 30.521
-68 7 30.407
-67 7 32.416
-66 7 32.103
-65 7 30.467
-64 7 32.096
-63 7 31.802
-62 7 31.215
-61 7 30.955
-60 7 31.135
-59 7 30.38
-58 7 29.951
-57 7 29.832
-56 7 29.729
-55 7 29.725
-54 7 29.549
-53 7 29.233
-52 7 17.79
-51 7 13.387
-50 7 13.198
-49 7 13.026
-48 7 13.108
-47 7 12.85
-46 7 12.526
-45 7 11.915
-44 7 10.644
-43 7 11.447
-42 7 10.422
-41 7 10.263
-40 7 10.603
-39 7 12.321
-38 7 13.612
-37 7 13.19
-36 7 16.056
-35 7 16.117
-34 7 13.584
-33 7 16.823
-32 7 14.883
-31 7 14.748
-30 7 13.584
-80 6 17.454
-79 6 16.396
-78 6 14.937
-77 6 31.088
-76 6 42.609
-75 6 37.369
-74 6 35.026
-73 6 54.197
-72 6 35.954
-71 6 30.881
-70 6 30.674
-69 6 30.567
-68 6 30.514
-67 6 30.574
-66 6 32.55
-65 6 30.654
-64 6 32.116
-63 6 32.864
-62 6 37.069
-61 6 37.142
-60 6 30.774
-59 6 30.367
-58 6 30.22
-57 6 29.996
-56 6 29.939
-55 6 30.007
-54 6 29.939
-53 6 29.803
-52 6 29.463
-51 6 19.369
-50 6 15.08
-49 6 15.047
-48 6 14.695
-47 6 14.219
-46 6 13.662
-45 6 15.773
-44 6 12.591
-43 6 11.083
-42 6 10.685
-41 6 11.771
-40 6 11.345
-39 6 10.956
-38 6 11.345
-37 6 11.894
-36 6 11.997
-35 6 12.727
-34 6 16.634
-33 6 19.008
-32 6 15.322
-31 6 13.1
-30 6 14.113
-80 5 17.409
-79 5 15.867
-78 5 14.379
-77 5 30.554
-76 5 39.605
-75 5 38.19
-74 5 47.228
-73 5 37.156
-72 5 31.128
-71 5 30.794
-70 5 30.741
-69 5 30.881
-68 5 30.661
-67 5 38.257
-66 5 30.854
-65 5 34.199
-64 5 32.67
-63 5 32.803
-62 5 36.008
-61 5 37.122
-60 5 35.774
-59 5 31.015
-58 5 30.587
-57 5 30.527
-56 5 30.354
-55 5 30.441
-54 5 30.668
-53 5 31.088
-52 5 29.91
-51 5 29.496
-50 5 19.984
-49 5 18.983
-48 5 17.352
-47 5 16.63
-46 5 14.338
-45 5 13.415
-44 5 16.568
-43 5 12.514
-42 5 11.115
-41 5 10.812
-40 5 11.23
-39 5 11.042
-38 5 12.149
-37 5 12.743
-36 5 13.908
-35 5 14.158
-34 5 15.453
-33 5 19.045
-32 5 16.56
-31 5 15.302
-30 5 14.809
-80 4 20.111
-79 4 16.232
-78 4 23.87
-77 4 30.227
-76 4 51.42
-75 4 32.176
-74 4 48.089
-73 4 31.262
-72 4 31.268
-71 4 30.981
-70 4 31.068
-69 4 30.928
-68 4 30.701
-67 4 30.674
-66 4 32.209
-65 4 39.325
-64 4 36.448
-63 4 32.897
-62 4 32.336
-61 4 30.808
-60 4 32.61
-59 4 30.708
-58 4 30.774
-57 4 34.139
-56 4 31.128
-55 4 30.868
-54 4 31.081
-53 4 31.328
-52 4 30.561
-51 4 29.971
-50 4 29.66
-49 4 28.286
-48 4 23.477
-47 4 18.659
-46 4 15.076
-45 4 13.756
-44 4 12.559
-43 4 15.752
-42 4 15.433
-41 4 14.039
-40 4 13.133
-39 4 11.948
-38 4 13.182
-37 4 11.636
-36 4 13.85
-35 4 14.576
-34 4 15.121
-33 4 17.036
-32 4 13.284
-31 4 13.875
-30 4 14.441
-80 3 15.634
-79 3 19.201
-78 3 29.799
-77 3 34.693
-76 3 54.157
-75 3 41.047
-74 3 35.04
-73 3 31.542
-72 3 31.242
-71 3 31.081
-70 3 31.222
-69 3 30.841
-68 3 30.774
-67 3 30.788
-66 3 30.808
-65 3 31.055
-64 3 38.197
-63 3 33.845
-62 3 31.982
-61 3 30.574
-60 3 30.701
-59 3 31.148
-58 3 31.742
-57 3 31.448
-56 3 31.909
-55 3 32.577
-54 3 31.128
-53 3 31.228
-52 3 30.854
-51 3 30.1
-50 3 29.914
-49 3 29.684
-48 3 28.655
-47 3 20.894
-46 3 15.707
-45 3 13.916
-44 3 12.702
-43 3 12.423
-42 3 12.05
-41 3 13.235
-40 3 12.235
-39 3 11.234
-38 3 11.915
-37 3 12.772
-36 3 14.379
-35 3 14.383
-34 3 13.789
-33 3 15.199
-32 3 15.515
-31 3 18.118
-30 3 15.88
-80 2 17.237
-79 2 25.769
-78 2 30.734
-77 2 35.066
-76 2 37.282
-75 2 31.962
-74 2 31.889
-73 2 32.043
-72 2 31.408
-71 2 31.342
-70 2 31.428
-69 2 31.489
-68 2 31.055
-67 2 30.621
-66 2 30.708
-65 2 31.101
-64 2 33.344
-63 2 32.209
-62 2 31.061
-61 2 30.534
-60 2 31.215
-59 2 31.776
-58 2 31.622
-57 2 31.849
-56 2 31.942
-55 2 32.503
-54 2 32.109
-53 2 31.515
-52 2 31.081
-51 2 30.374
-50 2 29.988
-49 2 29.93
-48 2 29.791
-47 2 25.666
-46 2 17.311
-45 2 13.891
-44 2 12.997
-43 2 11.845
-42 2 12.177
-41 2 11.944
-40 2 11.894
-39 2 12.505
-38 2 11.8
-37 2 13.301
-36 2 13.448
-35 2 13.116
-34 2 14.072
-33 2 15.466
-32 2 16.347
-31 2 17.327
-30 2 17.511
-80 1 29.885
-79 1 30.294
-78 1 44.211
-77 1 52.335
-76 1 31.575
-75 1 31.949
-74 1 31.542
-73 1 31.509
-72 1 31.302
-71 1 31.609
-70 1 31.222
-69 1 31.041
-68 1 30.708
-67 1 30.674
-66 1 36.835
-65 1 32.683
-64 1 30.567
-63 1 30.681
-62 1 30.327
-61 1 30.36
-60 1 31.055
-59 1 32.803
-58 1 33.645
-57 1 31.569
-56 1 32.076
-55 1 32.57
-54 1 31.669
-53 1 31.956
-52 1 31.015
-51 1 30.18
-50 1 30.12
-49 1 29.963
-48 1 29.832
-47 1 29.717
-46 1 25.301
-45 1 14.986
-44 1 13.112
-43 1 11.94
-42 1 11.325
-41 1 12.567
-40 1 11.927
-39 1 11.825
-38 1 11.755
-37 1 11.398
-36 1 13.694
-35 1 14.801
-34 1 14.461
-33 1 16.093
-32 1 16.999
-31 1 17.671
-30 1 18.717
-80 0 32.93
-79 0 35.16
-78 0 60.625
-77 0 32.229
-76 0 31.762
-75 0 31.302
-74 0 31.315
-73 0 31.315
-72 0 31.195
-71 0 31.128
-70 0 31.088
-69 0 30.801
-68 0 30.701
-67 0 30.794
-66 0 30.594
-65 0 30.534
-64 0 30.307
-63 0 30.354
-62 0 30.3
-61 0 30.427
-60 0 30.928
-59 0 32.169
-58 0 32.056
-57 0 31.629
-56 0 31.542
-55 0 33.304
-54 0 31.769
-53 0 30.948
-52 0 30.781
-51 0 29.996
-50 0 30.047
-49 0 29.996
-48 0 29.926
-47 0 29.906
-46 0 29.803
-45 0 29.668
-44 0 17.327
-43 0 16.777
-42 0 14.03
-41 0 14.35
-40 0 14.441
-39 0 12.358
-38 0 11.735
-37 0 11.644
-36 0 11.411
-35 0 11.411
-34 0 11.316
-33 0 11.259
-32 0 11.862
-31 0 11.792
-30 0 14.318
-80 -1 31.141
-79 -1 49.478
-78 -1 37.763
-77 -1 32.216
-76 -1 31.629
-75 -1 31.475
-74 -1 31.128
-73 -1 31.088
-72 -1 31.028
-71 -1 31.368
-70 -1 30.814
-69 -1 30.901
-68 -1 30.627
-67 -1 30.527
-66 -1 30.534
-65 -1 30.467
-64 -1 30.334
-63 -1 30.327
-62 -1 30.34
-61 -1 30.407
-60 -1 31.335
-59 -1 31.041
-58 -1 31.108
-57 -1 30.601
-56 -1 30.988
-55 -1 31.722
-54 -1 33.024
-53 -1 30.728
-52 -1 30.274
-51 -1 30.113
-50 -1 30.127
-49 -1 30.027
-48 -1 30.174
-47 -1 30.06
-46 -1 29.992
-45 -1 29.902
-44 -1 29.869
-43 -1 18.848
-42 -1 16.146
-41 -1 15.699
-40 -1 13.547
-39 -1 15.31
-38 -1 12.431
-37 -1 11.71
-36 -1 11.94
-35 -1 12.079
-34 -1 12.911
-33 -1 13.104
-32 -1 13.038
-31 -1 13.846
-30 -1 13.875
-80 -2 30.033
-79 -2 45.626
-78 -2 36.715
-77 -2 32.276
-76 -2 31.435
-75 -2 31.135
-74 -2 31.141
-73 -2 31.141
-72 -2 30.841
-71 -2 30.834
-70 -2 30.968
-69 -2 30.881
-68 -2 30.728
-67 -2 30.487
-66 -2 30.354
-65 -2 30.487
-64 -2 30.407
-63 -2 30.394
-62 -2 30.174
-61 -2 30.507
-60 -2 31.095
-59 -2 30.447
-58 -2 30.607
-57 -2 30.327
-56 -2 30.027
-55 -2 30.013
-54 -2 30.007
-53 -2 30.24
-52 -2 30.314
-51 -2 30.14
-50 -2 30.154
-49 -2 30.12
-48 -2 30.28
-47 -2 30.387
-46 -2 30.26
-45 -2 30.26
-44 -2 29.918
-43 -2 29.836
-42 -2 23.387
-41 -2 28.791
-40 -2 20.099
-39 -2 17.442
-38 -2 14.408
-37 -2 15.761
-36 -2 14.338
-35 -2 13.354
-34 -2 14.678
-33 -2 11.636
-32 -2 11.292
-31 -2 11.136
-30 -2 9.8608
-80 -3 29.934
-79 -3 48.797
-78 -3 34.172
-77 -3 31.609
-76 -3 31.322
-75 -3 31.135
-74 -3 30.941
-73 -3 30.975
-72 -3 30.914
-71 -3 30.741
-70 -3 30.627
-69 -3 30.447
-68 -3 30.688
-67 -3 30.347
-66 -3 30.367
-65 -3 30.307
-64 -3 30.401
-63 -3 30.414
-62 -3 30.307
-61 -3 30.494
-60 -3 30.354
-59 -3 30.154
-58 -3 30.1
-57 -3 30.367
-56 -3 30.294
-55 -3 31.195
-54 -3 31.335
-53 -3 30.794
-52 -3 30.447
-51 -3 30.487
-50 -3 30.427
-49 -3 30.347
-48 -3 30.514
-47 -3 30.587
-46 -3 30.474
-45 -3 30.093
-44 -3 30.38
-43 -3 30.36
-42 -3 30.267
-41 -3 30.107
-40 -3 30.254
-39 -3 29.848
-38 -3 20.275
-37 -3 16.515
-36 -3 15.248
-35 -3 14.449
-34 -3 13.51
-33 -3 11.989
-32 -3 12.591
-31 -3 11.251
-30 -3 10.004
-80 -4 38.157
-79 -4 43.797
-78 -4 36.708
-77 -4 31.181
-76 -4 31.088
-75 -4 30.881
-74 -4 30.914
-73 -4 30.934
-72 -4 30.914
-71 -4 30.567
-70 -4 30.814
-69 -4 30.681
-68 -4 30.481
-67 -4 30.607
-66 -4 30.594
-65 -4 30.467
-64 -4 30.474
-63 -4 30.2
-62 -4 30.174
-61 -4 30.294
-60 -4 30.26
-59 -4 30.194
-58 -4 30.294
-57 -4 30.567
-56 -4 30.701
-55 -4 30.941
-54 -4 32.196
-53 -4 31.101
-52 -4 31.188
-51 -4 31.215
-50 -4 30.708
-49 -4 30.814
-48 -4 30.861
-47 -4 31.248
-46 -4 31.402
-45 -4 30.093
-44 -4 30.594
-43 -4 30.694
-42 -4 30.454
-41 -4 35.18
-40 -4 31.201
-39 -4 30.821
-38 -4 29.959
-37 -4 21.915
-36 -4 28.979
-35 -4 15.74
-34 -4 18.212
-33 -4 12.71
-32 -4 13.247
-31 -4 10.915
-30 -4 10.353
-80 -5 39.972
-79 -5 35.874
-78 -5 31.869
-77 -5 30.968
-76 -5 30.881
-75 -5 30.801
-74 -5 30.701
-73 -5 31.021
-72 -5 31.041
-71 -5 30.841
-70 -5 31.001
-69 -5 31.081
-68 -5 30.854
-67 -5 30.614
-66 -5 30.554
-65 -5 30.581
-64 -5 30.501
-63 -5 30.3
-62 -5 30.36
-61 -5 30.34
-60 -5 30.327
-59 -5 30.561
-58 -5 30.574
-57 -5 30.854
-56 -5 31.188
-55 -5 31.442
-54 -5 31.382
-53 -5 31.482
-52 -5 31.482
-51 -5 31.248
-50 -5 31.095
-49 -5 31.061
-48 -5 32.203
-47 -5 31.735
-46 -5 31.262
-45 -5 30.808
-44 -5 31.135
-43 -5 30.694
-42 -5 31.001
-41 -5 33.538
-40 -5 32.837
-39 -5 31.408
-38 -5 30.154
-37 -5 31.015
-36 -5 29.988
-35 -5 27.679
-34 -5 13.042
-33 -5 11.349
-32 -5 11.247
-31 -5 10.275
-30 -5 9.3196
-80 -6 30.514
-79 -6 39.025
-78 -6 44.518
-77 -6 35.547
-76 -6 30.914
-75 -6 30.854
-74 -6 30.948
-73 -6 31.248
-72 -6 31.161
-71 -6 31.048
-70 -6 31.121
-69 -6 31.148
-68 -6 30.741
-67 -6 30.754
-66 -6 30.734
-65 -6 30.594
-64 -6 30.507
-63 -6 30.487
-62 -6 30.407
-61 -6 30.367
-60 -6 30.24
-59 -6 30.754
-58 -6 31.128
-57 -6 30.908
-56 -6 32.049
-55 -6 31.509
-54 -6 31.655
-53 -6 31.322
-52 -6 31.595
-51 -6 31.535
-50 -6 31.342
-49 -6 30.888
-48 -6 31.448
-47 -6 31.468
-46 -6 31.388
-45 -6 31.882
-44 -6 31.655
-43 -6 31.161
-42 -6 31.035
-41 -6 35.093
-40 -6 33.324
-39 -6 31.856
-38 -6 33.905
-37 -6 30.38
-36 -6 31.181
-35 -6 29.906
-34 -6 12.792
-33 -6 11.234
-32 -6 10.365
-31 -6 9.3114
-30 -6 9.4549
-80 -7 29.852
-79 -7 52.455
-78 -7 37.583
-77 -7 38.184
-76 -7 36.862
-75 -7 31.188
-74 -7 31.428
-73 -7 31.589
-72 -7 31.342
-71 -7 31.228
-70 -7 31.121
-69 -7 31.015
-68 -7 31.015
-67 -7 30.901
-66 -7 30.741
-65 -7 30.487
-64 -7 30.581
-63 -7 30.427
-62 -7 30.354
-61 -7 30.527
-60 -7 30.894
-59 -7 30.561
-58 -7 31.375
-57 -7 31.602
-56 -7 31.869
-55 -7 31.489
-54 -7 31.595
-53 -7 31.515
-52 -7 31.489
-51 -7 32.089
-50 -7 31.742
-49 -7 31.322
-48 -7 31.869
-47 -7 31.856
-46 -7 33.111
-45 -7 31.729
-44 -7 31.722
-43 -7 31.729
-42 -7 31.595
-41 -7 31.896
-40 -7 33.191
-39 -7 32.116
-38 -7 31.575
-37 -7 32.189
-36 -7 33.458
-35 -7 30.467
-34 -7 14.096
-33 -7 10.738
-32 -7 9.664
-31 -7 8.434
-30 -7 7.7001
-80 -8 29.401
-79 -8 32.603
-78 -8 56.827
-77 -8 45.78
-76 -8 36.695
-75 -8 31.095
-74 -8 31.722
-73 -8 31.535
-72 -8 31.535
-71 -8 31.462
-70 -8 31.282
-69 -8 31.322
-68 -8 31.175
-67 -8 30.814
-66 -8 30.761
-65 -8 30.694
-64 -8 30.614
-63 -8 30.421
-62 -8 30.681
-61 -8 30.828
-60 -8 30.928
-59 -8 31.121
-58 -8 31.175
-57 -8 32.557
-56 -8 31.869
-55 -8 31.869
-54 -8 32.917
-53 -8 32.116
-52 -8 33.932
-51 -8 31.989
-50 -8 31.302
-49 -8 31.275
-48 -8 31.135
-47 -8 32.503
-46 -8 32.703
-45 -8 32.49
-44 -8 32.536
-43 -8 32.29
-42 -8 32.096
-41 -8 32.483
-40 -8 32.83
-39 -8 33.317
-38 -8 33.331
-37 -8 34.145
-36 -8 32.35
-35 -8 30.567
-34 -8 22.964
-33 -8 12.128
-32 -8 15.617
-31 -8 8.0896
-30 -8 7.9379
-80 -9 27.212
-79 -9 29.615
-78 -9 54.21
-77 -9 51.08
-76 -9 36.822
-75 -9 31.495
-74 -9 31.215
-73 -9 31.776
-72 -9 32.103
-71 -9 31.802
-70 -9 31.535
-69 -9 31.315
-68 -9 30.861
-67 -9 31.121
-66 -9 30.914
-65 -9 30.694
-64 -9 30.614
-63 -9 30.734
-62 -9 30.801
-61 -9 30.834
-60 -9 31.021
-59 -9 30.901
-58 -9 31.201
-57 -9 31.535
-56 -9 31.849
-55 -9 33.471
-54 -9 32.436
-53 -9 32.089
-52 -9 31.929
-51 -9 31.856
-50 -9 31.295
-49 -9 31.502
-48 -9 31.982
-47 -9 33.504
-46 -9 31.942
-45 -9 32.597
-44 -9 33.244
-43 -9 34.159
-42 -9 32.53
-41 -9 32.857
-40 -9 32.49
-39 -9 32.463
-38 -9 34.125
-37 -9 33.197
-36 -9 32.777
-35 -9 29.861
-34 -9 14.986
-33 -9 10.418
-32 -9 9.336
-31 -9 9.8936
-30 -9 7.5853
-80 -10 10.726
-79 -10 29.369
-78 -10 32.096
-77 -10 61.553
-76 -10 53.002
-75 -10 31.735
-74 -10 31.181
-73 -10 32.229
-72 -10 32.323
-71 -10 31.996
-70 -10 31.802
-69 -10 31.275
-68 -10 31.282
-67 -10 31.215
-66 -10 31.008
-65 -10 31.048
-64 -10 31.108
-63 -10 31.041
-62 -10 30.995
-61 -10 31.128
-60 -10 31.322
-59 -10 30.948
-58 -10 31.849
-57 -10 31.489
-56 -10 31.882
-55 -10 31.742
-54 -10 32.249
-53 -10 32.176
-52 -10 31.969
-51 -10 31.489
-50 -10 31.141
-49 -10 31.842
-48 -10 32.123
-47 -10 31.869
-46 -10 33.478
-45 -10 32.87
-44 -10 32.597
-43 -10 32.81
-42 -10 34.145
-41 -10 35.033
-40 -10 33.077
-39 -10 33.504
-38 -10 32.149
-37 -10 30.761
-36 -10 30.027
-35 -10 15.806
-34 -10 10.996
-33 -10 10.058
-32 -10 8.7333
-31 -10 8.3274
-30 -10 8.024
-80 -11 8.557
-79 -11 18.823
-78 -11 29.25
-77 -11 46.995
-76 -11 58.135
-75 -11 36.608
-74 -11 41.795
-73 -11 32.296
-72 -11 33.391
-71 -11 32.643
-70 -11 32.056
-69 -11 31.442
-68 -11 31.315
-67 -11 31.075
-66 -11 30.934
-65 -11 31.088
-64 -11 31.235
-63 -11 32.063
-62 -11 31.181
-61 -11 31.295
-60 -11 31.822
-59 -11 32.263
-58 -11 31.929
-57 -11 32.109
-56 -11 32.043
-55 -11 32.83
-54 -11 32.123
-53 -11 32.029
-52 -11 31.595
-51 -11 31.215
-50 -11 31.228
-49 -11 31.849
-48 -11 32.043
-47 -11 33.104
-46 -11 34.526
-45 -11 33.551
-44 -11 34.659
-43 -11 32.69
-42 -11 33.678
-41 -11 33.912
-40 -11 32.336
-39 -11 31.555
-38 -11 32.376
-37 -11 29.971
-36 -11 18.668
-35 -11 13.362
-34 -11 10.857
-33 -11 10.595
-32 -11 9.5205
-31 -11 8.5365
-30 -11 7.9338
-80 -12 10.431
-79 -12 4.9531
-78 -12 22.862
-77 -12 31.562
-76 -12 63.836
-75 -12 58.996
-74 -12 32.81
-73 -12 34.839
-72 -12 35.2
-71 -12 32.71
-70 -12 31.829
-69 -12 31.882
-68 -12 31.529
-67 -12 31.222
-66 -12 31.121
-65 -12 30.881
-64 -12 31.208
-63 -12 31.101
-62 -12 32.657
-61 -12 31.889
-60 -12 32.637
-59 -12 32.363
-58 -12 31.822
-57 -12 32.123
-56 -12 32.343
-55 -12 32.089
-54 -12 32.163
-53 -12 32.183
-52 -12 32.223
-51 -12 31.335
-50 -12 31.315
-49 -12 31.762
-48 -12 32.577
-47 -12 32.503
-46 -12 35.387
-45 -12 33.05
-44 -12 34.779
-43 -12 32.97
-42 -12 35.56
-41 -12 34.272
-40 -12 32.049
-39 -12 31.595
-38 -12 30.761
-37 -12 21.456
-36 -12 14.535
-35 -12 11.517
-34 -12 11.976
-33 -12 10.841
-32 -12 13.637
-31 -12 8.5324
-30 -12 7.4213
-80 -13 11.165
-79 -13 10.459
-78 -13 15.892
-77 -13 27.962
-76 -13 50.352
-75 -13 61.239
-74 -13 52.261
-73 -13 55.198
-72 -13 53.596
-71 -13 35.307
-70 -13 31.702
-69 -13 31.495
-68 -13 31.262
-67 -13 31.161
-66 -13 30.975
-65 -13 30.955
-64 -13 30.975
-63 -13 30.995
-62 -13 31.068
-61 -13 31.689
-60 -13 33.778
-59 -13 32.877
-58 -13 32.77
-57 -13 32.577
-56 -13 32.703
-55 -13 32.69
-54 -13 32.169
-53 -13 32.236
-52 -13 32.65
-51 -13 31.448
-50 -13 31.802
-49 -13 32.73
-48 -13 34.96
-47 -13 33.898
-46 -13 35.614
-45 -13 35.02
-44 -13 33.484
-43 -13 35.894
-42 -13 38.431
-41 -13 34.032
-40 -13 33.591
-39 -13 30.374
-38 -13 20.275
-37 -13 14.432
-36 -13 12.354
-35 -13 11.903
-34 -13 11.46
-33 -13 11.489
-32 -13 10.234
-31 -13 8.475
-30 -13 7.6591
-80 -14 12.013
-79 -14 11.698
-78 -14 10.857
-77 -14 18.581
-76 -14 33.157
-75 -14 47.649
-74 -14 57.581
-73 -14 56.032
-72 -14 54.27
-71 -14 60.905
-70 -14 57.488
-69 -14 38.604
-68 -14 32.577
-67 -14 31.141
-66 -14 31.021
-65 -14 30.961
-64 -14 31.028
-63 -14 31.115
-62 -14 31.415
-61 -14 31.555
-60 -14 31.635
-59 -14 33.638
-58 -14 34.132
-57 -14 33.337
-56 -14 32.65
-55 -14 32.957
-54 -14 33.431
-53 -14 32.243
-52 -14 31.922
-51 -14 31.575
-50 -14 31.982
-49 -14 33.564
-48 -14 33.364
-47 -14 33.137
-46 -14 36.214
-45 -14 34.519
-44 -14 33.151
-43 -14 33.291
-42 -14 33.398
-41 -14 31.862
-40 -14 34.606
-39 -14 30.013
-38 -14 16.704
-37 -14 13.313
-36 -14 11.866
-35 -14 11.251
-34 -14 10.796
-33 -14 20.406
-32 -14 10.431
-31 -14 9.254
-30 -14 7.8108
-80 -15 11.345
-79 -15 12.071
-78 -15 14.264
-77 -15 14.945
-76 -15 23.686
-75 -15 33.518
-74 -15 52.588
-73 -15 62.534
-72 -15 61.459
-71 -15 58.823
-70 -15 57.454
-69 -15 63.235
-68 -15 39.305
-67 -15 31.642
-66 -15 31.121
-65 -15 31.055
-64 -15 31.255
-63 -15 31.956
-62 -15 31.682
-61 -15 31.335
-60 -15 31.549
-59 -15 33.885
-58 -15 31.542
-57 -15 31.315
-56 -15 32.216
-55 -15 34.699
-54 -15 34.472
-53 -15 33.044
-52 -15 31.876
-51 -15 31.715
-50 -15 33.745
-49 -15 37.202
-48 -15 35.967
-47 -15 33.498
-46 -15 35.647
-45 -15 34.919
-44 -15 32.984
-43 -15 35.994
-42 -15 34.859
-41 -15 35.554
-40 -15 32.737
-39 -15 30.134
-38 -15 15.814
-37 -15 12.887
-36 -15 12.079
-35 -15 11.152
-34 -15 11.419
-33 -15 11.431
-32 -15 10.623
-31 -15 10.332
-30 -15 9.1474
-80 -16 10.599
-79 -16 12.304
-78 -16 16.044
-77 -16 19.881
-76 -16 14.506
-75 -16 16.646
-74 -16 30.948
-73 -16 40.927
-72 -16 53.556
-71 -16 60.371
-70 -16 56.046
-69 -16 55.465
-68 -16 44.892
-67 -16 42.162
-66 -16 31.495
-65 -16 31.168
-64 -16 31.255
-63 -16 31.989
-62 -16 33.037
-61 -16 32.323
-60 -16 31.482
-59 -16 31.462
-58 -16 30.868
-57 -16 31.035
-56 -16 31.001
-55 -16 32.156
-54 -16 32.557
-53 -16 33.077
-52 -16 32.303
-51 -16 33.571
-50 -16 34.839
-49 -16 35.487
-48 -16 38.23
-47 -16 35.747
-46 -16 33.317
-45 -16 33.091
-44 -16 35.12
-43 -16 35.734
-42 -16 36.121
-41 -16 32.917
-40 -16 30.921
-39 -16 30.314
-38 -16 29.844
-37 -16 13.276
-36 -16 12.924
-35 -16 12.21
-34 -16 11.714
-33 -16 10.964
-32 -16 10.804
-31 -16 10.254
-30 -16 9.5041
-80 -17 12.226
-79 -17 13.514
-78 -17 18.303
-77 -17 15.83
-76 -17 12.87
-75 -17 11.058
-74 -17 5.1294
-73 -17 21.267
-72 -17 32.036
-71 -17 47.148
-70 -17 60.438
-69 -17 56.266
-68 -17 58.035
-67 -17 42.536
-66 -17 43.67
-65 -17 31.569
-64 -17 31.675
-63 -17 31.682
-62 -17 31.942
-61 -17 32.423
-60 -17 31.649
-59 -17 30.814
-58 -17 30.681
-57 -17 30.741
-56 -17 30.894
-55 -17 31.181
-54 -17 34.265
-53 -17 33.498
-52 -17 34.292
-51 -17 35.013
-50 -17 33.745
-49 -17 34.966
-48 -17 35.734
-47 -17 35.881
-46 -17 33.731
-45 -17 34.532
-44 -17 36.088
-43 -17 35.874
-42 -17 34.018
-41 -17 32.416
-40 -17 32.743
-39 -17 29.93
-38 -17 20.357
-37 -17 19.406
-36 -17 15.289
-35 -17 12.341
-34 -17 11.853
-33 -17 11.329
-32 -17 10.796
-31 -17 9.9387
-30 -17 9.9879
-80 -18 14.613
-79 -18 18.163
-78 -18 13.264
-77 -18 13.01
-76 -18 11.566
-75 -18 13.018
-74 -18 13.067
-73 -18 4.0962
-72 -18 19.832
-71 -18 29.27
-70 -18 43.804
-69 -18 64.049
-68 -18 56.3
-67 -18 55.372
-66 -18 49.157
-65 -18 43.617
-64 -18 40.046
-63 -18 32.436
-62 -18 31.976
-61 -18 32.143
-60 -18 32.87
-59 -18 33.017
-58 -18 31.355
-57 -18 30.681
-56 -18 30.914
-55 -18 31.135
-54 -18 32.149
-53 -18 35.867
-52 -18 35.273
-51 -18 34.739
-50 -18 33.925
-49 -18 34.239
-48 -18 35.233
-47 -18 34.873
-46 -18 35.32
-45 -18 34.713
-44 -18 37.983
-43 -18 36.762
-42 -18 33.858
-41 -18 31.936
-40 -18 30.36
-39 -18 29.939
-38 -18 29.787
-37 -18 14.318
-36 -18 28.84
-35 -18 13.338
-34 -18 12.067
-33 -18 11.911
-32 -18 11.251
-31 -18 10.787
-30 -18 10.222
-80 -19 16.113
-79 -19 14.809
-78 -19 12.407
-77 -19 11.406
-76 -19 10.841
-75 -19 11.193
-74 -19 10.693
-73 -19 12.706
-72 -19 3.0917
-71 -19 22.296
-70 -19 39.085
-69 -19 61.566
-68 -19 54.551
-67 -19 54.657
-66 -19 55.986
-65 -19 47.902
-64 -19 39.398
-63 -19 32.723
-62 -19 32.383
-61 -19 32.763
-60 -19 31.609
-59 -19 31.148
-58 -19 30.734
-57 -19 30.621
-56 -19 30.868
-55 -19 34.112
-54 -19 32.977
-53 -19 34.032
-52 -19 33.705
-51 -19 33.184
-50 -19 33.578
-49 -19 34.586
-48 -19 34.853
-47 -19 36.541
-46 -19 36.161
-45 -19 34.526
-44 -19 34.365
-43 -19 33.952
-42 -19 31.602
-41 -19 35.106
-40 -19 30.227
-39 -19 29.807
-38 -19 29.766
-37 -19 14.986
-36 -19 13.727
-35 -19 13.104
-34 -19 12.542
-33 -19 12.53
-32 -19 12.6
-31 -19 11.698
-30 -19 10.353
-80 -20 14.318
-79 -20 13.059
-78 -20 10.677
-77 -20 10.996
-76 -20 9.5533
-75 -20 9.2827
-74 -20 10.304
-73 -20 11.083
-72 -20 13.313
-71 -20 17.327
-70 -20 36.635
-69 -20 58.022
-68 -20 54.424
-67 -20 55.672
-66 -20 57.334
-65 -20 51.554
-64 -20 38.417
-63 -20 33.818
-62 -20 32.47
-61 -20 31.669
-60 -20 31.035
-59 -20 30.674
-58 -20 30.554
-57 -20 31.822
-56 -20 30.834
-55 -20 32.069
-54 -20 33.364
-53 -20 32.81
-52 -20 32.723
-51 -20 32.156
-50 -20 32.597
-49 -20 33.498
-48 -20 33.564
-47 -20 37.109
-46 -20 34.519
-45 -20 35.126
-44 -20 36.762
-43 -20 35.707
-42 -20 35.293
-41 -20 32.643
-40 -20 29.869
-39 -20 22.612
-38 -20 23.739
-37 -20 16.417
-36 -20 15.482
-35 -20 13.088
-34 -20 13.133
-33 -20 12.809
-32 -20 12.94
-31 -20 11.357
-30 -20 9.7296
-80 -21 12.226
-79 -21 12.682
-78 -21 10.427
-77 -21 10.878
-76 -21 8.7579
-75 -21 9.7911
-74 -21 10.705
-73 -21 10.484
-72 -21 12.329
-71 -21 11.513
-70 -21 34.646
-69 -21 50.599
-68 -21 56.82
-67 -21 54.697
-66 -21 56.226
-65 -21 45.519
-64 -21 34.159
-63 -21 33.685
-62 -21 32.089
-61 -21 31.295
-60 -21 30.894
-59 -21 30.694
-58 -21 30.561
-57 -21 31.408
-56 -21 31.275
-55 -21 33.017
-54 -21 32.957
-53 -21 32.904
-52 -21 32.069
-51 -21 32.33
-50 -21 33.01
-49 -21 33.718
-48 -21 33.404
-47 -21 37.376
-46 -21 35.126
-45 -21 36.161
-44 -21 36.929
-43 -21 35.447
-42 -21 31.582
-41 -21 30.047
-40 -21 24.071
-39 -21 20.246
-38 -21 18.016
-37 -21 13.682
-36 -21 13.129
-35 -21 13.268
-34 -21 20.787
-33 -21 12.136
-32 -21 12.337
-31 -21 10.943
-30 -21 9.8198
-80 -22 11.156
-79 -22 10.701
-78 -22 10.349
-77 -22 10.906
-76 -22 10.906
-75 -22 11.247
-74 -22 11.378
-73 -22 11.714
-72 -22 12.846
-71 -22 7.7452
-70 -22 41.027
-69 -22 49.905
-68 -22 59.857
-67 -22 62.447
-66 -22 54.838
-65 -22 51.32
-64 -22 35.574
-63 -22 32.023
-62 -22 31.629
-61 -22 31.248
-60 -22 30.934
-59 -22 30.728
-58 -22 30.494
-57 -22 31.756
-56 -22 33.251
-55 -22 32.71
-54 -22 32.256
-53 -22 32.31
-52 -22 32.33
-51 -22 32.717
-50 -22 33.071
-49 -22 33.371
-48 -22 35.273
-47 -22 34.085
-46 -22 38.965
-45 -22 36.061
-44 -22 37.823
-43 -22 32.416
-42 -22 34.012
-41 -22 30.027
-40 -22 28.184
-39 -22 19.279
-38 -22 15.433
-37 -22 13.854
-36 -22 12.12
-35 -22 11.025
-34 -22 11.251
-33 -22 11.509
-32 -22 11.161
-31 -22 9.7173
-30 -22 8.2987
-80 -23 11.53
-79 -23 10.394
-78 -23 11.001
-77 -23 10.726
-76 -23 11.247
-75 -23 11.759
-74 -23 13.965
-73 -23 15.642
-72 -23 11.845
-71 -23 10.603
-70 -23 39.812
-69 -23 47.368
-68 -23 49.518
-67 -23 60.885
-66 -23 52.942
-65 -23 58.082
-64 -23 32.57
-63 -23 31.529
-62 -23 31.408
-61 -23 31.141
-60 -23 30.888
-59 -23 30.708
-58 -23 30.574
-57 -23 30.794
-56 -23 31.609
-55 -23 32.57
-54 -23 31.969
-53 -23 32.557
-52 -23 32.557
-51 -23 32.443
-50 -23 33.144
-49 -23 34.733
-48 -23 33.344
-47 -23 34.799
-46 -23 34.853
-45 -23 36.254
-44 -23 29.996
-43 -23 29.914
-42 -23 30.587
-41 -23 29.651
-40 -23 18.877
-39 -23 17.146
-38 -23 15.019
-37 -23 13.703
-36 -23 12.837
-35 -23 12.555
-34 -23 11.841
-33 -23 10.578
-32 -23 10.439
-31 -23 8.9096
-30 -23 8.4012
-80 -24 11.862
-79 -24 11.804
-78 -24 11.148
-77 -24 11.366
-76 -24 12.268
-75 -24 12.354
-74 -24 15.232
-73 -24 13.03
-72 -24 11.976
-71 -24 15.916
-70 -24 39.185
-69 -24 46.294
-68 -24 56.179
-67 -24 55.826
-66 -24 58.155
-65 -24 35.494
-64 -24 32.617
-63 -24 31.442
-62 -24 31.248
-61 -24 31.041
-60 -24 30.861
-59 -24 30.694
-58 -24 30.547
-57 -24 30.748
-56 -24 31.275
-55 -24 32.43
-54 -24 31.522
-53 -24 32.83
-52 -24 32.39
-51 -24 34.986
-50 -24 34.072
-49 -24 34.693
-48 -24 34.813
-47 -24 35.006
-46 -24 29.91
-45 -24 29.684
-44 -24 29.479
-43 -24 27.934
-42 -24 25.228
-41 -24 20.271
-40 -24 17.712
-39 -24 16.072
-38 -24 15.08
-37 -24 13.415
-36 -24 13.198
-35 -24 12.604
-34 -24 11.316
-33 -24 10.365
-32 -24 9.2212
-31 -24 8.5734
-30 -24 8.4832
-80 -25 12.177
-79 -25 11.685
-78 -25 12.624
-77 -25 12.866
-76 -25 12.928
-75 -25 16.847
-74 -25 14.244
-73 -25 12.948
-72 -25 13.354
-71 -25 16.585
-70 -25 43.477
-69 -25 56.026
-68 -25 55.645
-67 -25 56.473
-66 -25 48.577
-65 -25 36.441
-64 -25 32.43
-63 -25 31.635
-62 -25 31.188
-61 -25 30.948
-60 -25 30.754
-59 -25 30.621
-58 -25 30.541
-57 -25 30.427
-56 -25 32.496
-55 -25 31.702
-54 -25 32.964
-53 -25 34.706
-52 -25 35.146
-51 -25 33.678
-50 -25 36.248
-49 -25 36.428
-48 -25 30.053
-47 -25 29.828
-46 -25 29.754
-45 -25 29.401
-44 -25 22.743
-43 -25 21.562
-42 -25 20.943
-41 -25 18.704
-40 -25 16.773
-39 -25 14.756
-38 -25 13.69
-37 -25 12.874
-36 -25 13.079
-35 -25 12.46
-34 -25 10.57
-33 -25 10.394
-32 -25 9.0449
-31 -25 8.0814
-30 -25 10.595
-80 -26 14.338
-79 -26 12.71
-78 -26 13.871
-77 -26 15.97
-76 -26 14.559
-75 -26 12.009
-74 -26 14.584
-73 -26 12.038
-72 -26 13.153
-71 -26 22.374
-70 -26 37.329
-69 -26 56.58
-68 -26 56.039
-67 -26 61.973
-66 -26 42.068
-65 -26 37.603
-64 -26 32.009
-63 -26 31.515
-62 -26 31.161
-61 -26 30.854
-60 -26 30.647
-59 -26 30.527
-58 -26 30.401
-57 -26 30.801
-56 -26 31.388
-55 -26 31.268
-54 -26 32.263
-53 -26 33.504
-52 -26 35.3
-51 -26 36.842
-50 -26 35.267
-49 -26 37.656
-48 -26 29.84
-47 -26 29.549
-46 -26 28.766
-45 -26 22.599
-44 -26 20.902
-43 -26 20.607
-42 -26 19.783
-41 -26 18.057
-40 -26 13.071
-39 -26 13.842
-38 -26 12.624
-37 -26 12.526
-36 -26 12.452
-35 -26 12.317
-34 -26 11.124
-33 -26 10.861
-32 -26 11.132
-31 -26 8.393
-30 -26 8.9588
-80 -27 13.178
-79 -27 13.92
-78 -27 14.559
-77 -27 14.928
-76 -27 13.944
-75 -27 13.641
-74 -27 13.104
-73 -27 13.268
-72 -27 9.6845
-71 -27 28.024
-70 -27 41.154
-69 -27 55.992
-68 -27 61.98
-67 -27 52.154
-66 -27 52.501
-65 -27 32.503
-64 -27 31.242
-63 -27 31.155
-62 -27 31.028
-61 -27 30.694
-60 -27 30.541
-59 -27 30.461
-58 -27 30.414
-57 -27 30.674
-56 -27 30.868
-55 -27 31.388
-54 -27 31.876
-53 -27 32.416
-52 -27 36.341
-51 -27 36.401
-50 -27 34.172
-49 -27 32.283
-48 -27 29.725
-47 -27 29.237
-46 -27 24.153
-45 -27 19.939
-44 -27 19.147
-43 -27 19.795
-42 -27 19.037
-41 -27 17.306
-40 -27 13.871
-39 -27 18.536
-38 -27 10.427
-37 -27 11.435
-36 -27 10.177
-35 -27 11.775
-34 -27 13.444
-33 -27 11.558
-32 -27 11.255
-31 -27 8.475
-30 -27 9.4836
-80 -28 21.115
-79 -28 15.81
-78 -28 12.419
-77 -28 17.22
-76 -28 13.67
-75 -28 11.94
-74 -28 12.362
-73 -28 12.333
-72 -28 4.3504
-71 -28 33.912
-70 -28 38.851
-69 -28 62.42
-68 -28 50.152
-67 -28 37.096
-66 -28 46.007
-65 -28 32.89
-64 -28 31.035
-63 -28 30.854
-62 -28 30.554
-61 -28 30.454
-60 -28 30.407
-59 -28 30.287
-58 -28 30.481
-57 -28 30.461
-56 -28 30.888
-55 -28 31.382
-54 -28 32.65
-53 -28 33.151
-52 -28 34.572
-51 -28 35.046
-50 -28 37.65
-49 -28 33.892
-48 -28 29.725
-47 -28 28.13
-46 -28 19.709
-45 -28 16.093
-44 -28 16.076
-43 -28 18.725
-42 -28 17.163
-41 -28 17.192
-40 -28 14.859
-39 -28 11.739
-38 -28 13.698
-37 -28 11.001
-36 -28 11.788
-35 -28 11.968
-34 -28 11.423
-33 -28 12.243
-32 -28 10.755
-31 -28 13.571
-30 -28 10.742
-80 -29 14.363
-79 -29 14.834
-78 -29 15.355
-77 -29 13.1
-76 -29 14.059
-75 -29 12.924
-74 -29 13.625
-73 -29 12.03
-72 -29 12.682
-71 -29 36.121
-70 -29 55.599
-69 -29 51.7
-68 -29 47.408
-67 -29 41.054
-66 -29 32.109
-65 -29 31.896
-64 -29 30.908
-63 -29 30.647
-62 -29 30.547
-61 -29 30.421
-60 -29 30.394
-59 -29 30.401
-58 -29 30.627
-57 -29 30.461
-56 -29 30.501
-55 -29 31.976
-54 -29 33.251
-53 -29 32.837
-52 -29 32.937
-51 -29 35.407
-50 -29 36.962
-49 -29 29.795
-48 -29 29.332
-47 -29 23.686
-46 -29 19.16
-45 -29 15.01
-44 -29 14.207
-43 -29 13.543
-42 -29 13.547
-41 -29 14.473
-40 -29 14.022
-39 -29 11.833
-38 -29 11.915
-37 -29 15.273
-36 -29 14.272
-35 -29 13.694
-34 -29 15.568
-33 -29 20.303
-32 -29 13.879
-31 -29 21.037
-30 -29 20.127
-80 -30 13.506
-79 -30 13.293
-78 -30 12.973
-77 -30 12.714
-76 -30 13.133
-75 -30 12.341
-74 -30 12.85
-73 -30 10.923
-72 -30 16.224
-71 -30 31.936
-70 -30 55.352
-69 -30 46.607
-68 -30 38.497
-67 -30 33.244
-66 -30 32.209
-65 -30 31.195
-64 -30 34.919
-63 -30 30.507
-62 -30 30.594
-61 -30 30.367
-60 -30 30.22
-59 -30 30.28
-58 -30 30.614
-57 -30 30.521
-56 -30 31.088
-55 -30 30.801
-54 -30 30.467
-53 -30 30.2
-52 -30 30.274
-51 -30 30.227
-50 -30 29.873
-49 -30 29.524
-48 -30 28.606
-47 -30 21.468
-46 -30 18.028
-45 -30 15.613
-44 -30 15.109
-43 -30 13.629
-42 -30 14.039
-41 -30 16.806
-40 -30 16.901
-39 -30 12.641
-38 -30 14.338
-37 -30 21.825
-36 -30 21
-35 -30 21.792
-34 -30 22.14
-33 -30 15.605
-32 -30 14.227
-31 -30 13.366
-30 -30 16.642
