-25 -40 4
-24 -40 4
-23 -40 4
-22 -40 4
-21 -40 4
-20 -40 4
-19 -40 4
-18 -40 4
-17 -40 4
-16 -40 4
-15 -40 4
-14 -40 4
-13 -40 4
-12 -40 4
-11 -40 4
-10 -40 4
-9 -40 4
-8 -40 4
-7 -40 4
-6 -40 4
-5 -40 4
-4 -40 4
-3 -40 4
-2 -40 4
-1 -40 4
0 -40 4
1 -40 4
2 -40 4
3 -40 4
4 -40 4
5 -40 4
6 -40 4
7 -40 4
8 -40 4
9 -40 4
10 -40 4
11 -40 4
12 -40 4
13 -40 4
14 -40 4
15 -40 4
16 -40 4
17 -40 4
18 -40 4
19 -40 4
20 -40 4
21 -40 4
22 -40 4
23 -40 4
24 -40 4
25 -40 4
26 -40 4
27 -40 4
28 -40 4
29 -40 4
30 -40 4
31 -40 4
32 -40 4
33 -40 4
34 -40 4
35 -40 4
36 -40 4
37 -40 4
38 -40 4
39 -40 4
40 -40 4
41 -40 4
42 -40 4
43 -40 4
44 -40 4
45 -40 4
46 -40 4
47 -40 4
48 -40 4
49 -40 4
50 -40 4
51 -40 4
52 -40 4
53 -40 4
54 -40 4
55 -40 4
56 -40 4
57 -40 4
58 -40 4
59 -40 4
60 -40 4
61 -40 4
62 -40 4
63 -40 4
-25 -39 4
-24 -39 4
-23 -39 4
-22 -39 4
-21 -39 4
-20 -39 4
-19 -39 4
-18 -39 4
-17 -39 4
-16 -39 4
-15 -39 4
-14 -39 4
-13 -39 4
-12 -39 4
-11 -39 4
-10 -39 4
-9 -39 4
-8 -39 4
-7 -39 4
-6 -39 4
-5 -39 4
-4 -39 4
-3 -39 4
-2 -39 4
-1 -39 4
0 -39 4
1 -39 4
2 -39 4
3 -39 4
4 -39 4
5 -39 4
6 -39 4
7 -39 4
8 -39 4
9 -39 4
10 -39 4
11 -39 4
12 -39 4
13 -39 4
14 -39 4
15 -39 4
16 -39 4
17 -39 4
18 -39 4
19 -39 4
20 -39 4
21 -39 4
22 -39 4
23 -39 4
24 -39 4
25 -39 4
26 -39 4
27 -39 4
28 -39 4
29 -39 4
30 -39 4
31 -39 4
32 -39 4
33 -39 4
34 -39 4
35 -39 4
36 -39 4
37 -39 4
38 -39 4
39 -39 4
40 -39 4
41 -39 4
42 -39 4
43 -39 4
44 -39 4
45 -39 4
46 -39 4
47 -39 4
48 -39 4
49 -39 4
50 -39 4
51 -39 4
52 -39 4
53 -39 4
54 -39 4
55 -39 4
56 -39 4
57 -39 4
58 -39 4
59 -39 4
60 -39 4
61 -39 4
62 -39 4
63 -39 4
-25 -38 4
-24 -38 4
-23 -38 4
-22 -38 4
-21 -38 4
-20 -38 4
-19 -38 4
-18 -38 4
-17 -38 4
-16 -38 4
-15 -38 4
-14 -38 4
-13 -38 4
-12 -38 4
-11 -38 4
-10 -38 4
-9 -38 4
-8 -38 4
-7 -38 4
-6 -38 4
-5 -38 4
-4 -38 4
-3 -38 4
-2 -38 4
-1 -38 4
0 -38 4
1 -38 4
2 -38 4
3 -38 4
4 -38 4
5 -38 4
6 -38 4
7 -38 4
8 -38 4
9 -38 4
10 -38 4
11 -38 4
12 -38 4
13 -38 4
14 -38 4
15 -38 4
16 -38 4
17 -38 4
18 -38 4
19 -38 4
20 -38 4
21 -38 4
22 -38 4
23 -38 4
24 -38 4
25 -38 4
26 -38 4
27 -38 4
28 -38 4
29 -38 4
30 -38 4
31 -38 4
32 -38 4
33 -38 4
34 -38 4
35 -38 4
36 -38 4
37 -38 4
38 -38 4
39 -38 4
40 -38 4
41 -38 4
42 -38 4
43 -38 4
44 -38 4
45 -38 4
46 -38 4
47 -38 4
48 -38 4
49 -38 4
50 -38 4
51 -38 4
52 -38 4
53 -38 4
54 -38 4
55 -38 4
56 -38 4
57 -38 4
58 -38 4
59 -38 4
60 -38 4
61 -38 4
62 -38 4
63 -38 4
-25 -37 4
-24 -37 4
-23 -37 4
-22 -37 4
-21 -37 4
-20 -37 4
-19 -37 4
-18 -37 4
-17 -37 4
-16 -37 4
-15 -37 4
-14 -37 4
-13 -37 4
-12 -37 4
-11 -37 4
-10 -37 4
-9 -37 4
-8 -37 4
-7 -37 4
-6 -37 4
-5 -37 4
-4 -37 4
-3 -37 4
-2 -37 4
-1 -37 4
0 -37 4
1 -37 4
2 -37 4
3 -37 4
4 -37 4
5 -37 4
6 -37 4
7 -37 4
8 -37 4
9 -37 4
10 -37 4
11 -37 4
12 -37 4
13 -37 4
14 -37 4
15 -37 4
16 -37 4
17 -37 4
18 -37 4
19 -37 4
20 -37 4
21 -37 4
22 -37 4
23 -37 4
24 -37 4
25 -37 4
26 -37 4
27 -37 4
28 -37 4
29 -37 4
30 -37 4
31 -37 4
32 -37 4
33 -37 4
34 -37 4
35 -37 4
36 -37 4
37 -37 4
38 -37 4
39 -37 4
40 -37 4
41 -37 4
42 -37 4
43 -37 4
44 -37 4
45 -37 4
46 -37 4
47 -37 4
48 -37 4
49 -37 4
50 -37 4
51 -37 4
52 -37 4
53 -37 4
54 -37 4
55 -37 4
56 -37 4
57 -37 4
58 -37 4
59 -37 4
60 -37 4
61 -37 4
62 -37 4
63 -37 4
-25 -36 4
-24 -36 4
-23 -36 4
-22 -36 4
-21 -36 4
-20 -36 4
-19 -36 4
-18 -36 4
-17 -36 4
-16 -36 4
-15 -36 4
-14 -36 4
-13 -36 4
-12 -36 4
-11 -36 4
-10 -36 4
-9 -36 4
-8 -36 4
-7 -36 4
-6 -36 4
-5 -36 4
-4 -36 4
-3 -36 4
-2 -36 4
-1 -36 4
0 -36 4
1 -36 4
2 -36 4
3 -36 4
4 -36 4
5 -36 4
6 -36 4
7 -36 4
8 -36 4
9 -36 4
10 -36 4
11 -36 4
12 -36 4
13 -36 4
14 -36 4
15 -36 4
16 -36 4
17 -36 4
18 -36 4
19 -36 4
20 -36 4
21 -36 4
22 -36 4
23 -36 4
24 -36 4
25 -36 4
26 -36 4
27 -36 4
28 -36 4
29 -36 4
30 -36 4
31 -36 4
32 -36 4
33 -36 4
34 -36 4
35 -36 4
36 -36 4
37 -36 4
38 -36 4
39 -36 4
40 -36 4
41 -36 4
42 -36 4
43 -36 4
44 -36 4
45 -36 4
46 -36 4
47 -36 4
48 -36 4
49 -36 4
50 -36 4
51 -36 4
52 -36 4
53 -36 4
54 -36 4
55 -36 4
56 -36 4
57 -36 4
58 -36 4
59 -36 4
60 -36 4
61 -36 4
62 -36 4
63 -36 4
-25 -35 4
-24 -35 4
-23 -35 4
-22 -35 4
-21 -35 4
-20 -35 4
-19 -35 4
-18 -35 4
-17 -35 4
-16 -35 4
-15 -35 4
-14 -35 4
-13 -35 4
-12 -35 4
-11 -35 4
-10 -35 4
-9 -35 4
-8 -35 4
-7 -35 4
-6 -35 4
-5 -35 4
-4 -35 4
-3 -35 4
-2 -35 4
-1 -35 4
0 -35 4
1 -35 4
2 -35 4
3 -35 4
4 -35 4
5 -35 4
6 -35 4
7 -35 4
8 -35 4
9 -35 4
10 -35 4
11 -35 4
12 -35 4
13 -35 4
14 -35 4
15 -35 4
16 -35 4
17 -35 4
18 -35 4
19 -35 4
20 -35 4
21 -35 4
22 -35 4
23 -35 4
24 -35 4
25 -35 4
26 -35 4
27 -35 4
28 -35 4
29 -35 4
30 -35 4
31 -35 4
32 -35 4
33 -35 4
34 -35 4
35 -35 4
36 -35 4
37 -35 4
38 -35 4
39 -35 4
40 -35 4
41 -35 4
42 -35 4
43 -35 4
44 -35 4
45 -35 4
46 -35 4
47 -35 4
48 -35 4
49 -35 4
50 -35 4
51 -35 4
52 -35 4
53 -35 4
54 -35 4
55 -35 4
56 -35 4
57 -35 4
58 -35 4
59 -35 4
60 -35 4
61 -35 4
62 -35 4
63 -35 4
-25 -34 4
-24 -34 4
-23 -34 4
-22 -34 4
-21 -34 4
-20 -34 4
-19 -34 4
-18 -34 4
-17 -34 4
-16 -34 4
-15 -34 4
-14 -34 4
-13 -34 4
-12 -34 4
-11 -34 4
-10 -34 4
-9 -34 4
-8 -34 4
-7 -34 4
-6 -34 4
-5 -34 4
-4 -34 4
-3 -34 4
-2 -34 4
-1 -34 4
0 -34 4
1 -34 4
2 -34 4
3 -34 4
4 -34 4
5 -34 4
6 -34 4
7 -34 4
8 -34 4
9 -34 4
10 -34 4
11 -34 4
12 -34 4
13 -34 4
14 -34 4
15 -34 4
16 -34 4
17 -34 4
18 -34 4
19 -34 4
20 -34 4
21 -34 4
22 -34 4
23 -34 4
24 -34 4
25 -34 4
26 -34 4
27 -34 4
28 -34 4
29 -34 4
30 -34 4
31 -34 4
32 -34 4
33 -34 4
34 -34 4
35 -34 4
36 -34 4
37 -34 4
38 -34 4
39 -34 4
40 -34 4
41 -34 4
42 -34 4
43 -34 4
44 -34 4
45 -34 4
46 -34 4
47 -34 4
48 -34 4
49 -34 4
50 -34 4
51 -34 4
52 -34 4
53 -34 4
54 -34 4
55 -34 4
56 -34 4
57 -34 4
58 -34 4
59 -34 4
60 -34 4
61 -34 4
62 -34 4
63 -34 4
-25 -33 4
-24 -33 4
-23 -33 4
-22 -33 4
-21 -33 4
-20 -33 4
-19 -33 4
-18 -33 4
-17 -33 4
-16 -33 4
-15 -33 4
-14 -33 4
-13 -33 4
-12 -33 4
-11 -33 4
-10 -33 4
-9 -33 4
-8 -33 4
-7 -33 4
-6 -33 4
-5 -33 4
-4 -33 4
-3 -33 4
-2 -33 4
-1 -33 4
0 -33 4
1 -33 4
2 -33 4
3 -33 4
4 -33 4
5 -33 4
6 -33 4
7 -33 4
8 -33 4
9 -33 4
10 -33 4
11 -33 4
12 -33 4
13 -33 4
14 -33 4
15 -33 4
16 -33 4
17 -33 4
18 -33 4
19 -33 4
20 -33 4
21 -33 4
22 -33 4
23 -33 4
24 -33 4
25 -33 4
26 -33 4
27 -33 4
28 -33 4
29 -33 4
30 -33 4
31 -33 4
32 -33 4
33 -33 4
34 -33 4
35 -33 4
36 -33 4
37 -33 4
38 -33 4
39 -33 4
40 -33 4
41 -33 4
42 -33 4
43 -33 4
44 -33 4
45 -33 4
46 -33 4
47 -33 4
48 -33 4
49 -33 4
50 -33 4
51 -33 4
52 -33 4
53 -33 4
54 -33 4
55 -33 4
56 -33 4
57 -33 4
58 -33 4
59 -33 4
60 -33 4
61 -33 4
62 -33 4
63 -33 4
-25 -32 4
-24 -32 4
-23 -32 4
-22 -32 4
-21 -32 4
-20 -32 4
-19 -32 4
-18 -32 4
-17 -32 4
-16 -32 4
-15 -32 4
-14 -32 4
-13 -32 4
-12 -32 4
-11 -32 4
-10 -32 4
-9 -32 4
-8 -32 4
-7 -32 4
-6 -32 4
-5 -32 4
-4 -32 4
-3 -32 4
-2 -32 4
-1 -32 4
0 -32 4
1 -32 4
2 -32 4
3 -32 4
4 -32 4
5 -32 4
6 -32 4
7 -32 4
8 -32 4
9 -32 4
10 -32 4
11 -32 4
12 -32 4
13 -32 4
14 -32 4
15 -32 4
16 -32 4
17 -32 4
18 -32 4
19 -32 4
20 -32 4
21 -32 4
22 -32 4
23 -32 4
24 -32 4
25 -32 4
26 -32 4
27 -32 4
28 -32 4
29 -32 4
30 -32 4
31 -32 4
32 -32 4
33 -32 4
34 -32 4
35 -32 4
36 -32 4
37 -32 4
38 -32 4
39 -32 4
40 -32 4
41 -32 4
42 -32 4
43 -32 4
44 -32 4
45 -32 4
46 -32 4
47 -32 4
48 -32 4
49 -32 4
50 -32 4
51 -32 4
52 -32 4
53 -32 4
54 -32 4
55 -32 4
56 -32 4
57 -32 4
58 -32 4
59 -32 4
60 -32 4
61 -32 4
62 -32 4
63 -32 4
-25 -31 4
-24 -31 4
-23 -31 4
-22 -31 4
-21 -31 4
-20 -31 4
-19 -31 4
-18 -31 4
-17 -31 4
-16 -31 4
-15 -31 4
-14 -31 4
-13 -31 4
-12 -31 4
-11 -31 4
-10 -31 4
-9 -31 4
-8 -31 4
-7 -31 4
-6 -31 4
-5 -31 4
-4 -31 4
-3 -31 4
-2 -31 4
-1 -31 4
0 -31 4
1 -31 4
2 -31 4
3 -31 4
4 -31 4
5 -31 4
6 -31 4
7 -31 4
8 -31 4
9 -31 4
10 -31 4
11 -31 4
12 -31 4
13 -31 4
14 -31 4
15 -31 4
16 -31 4
17 -31 4
18 -31 4
19 -31 4
20 -31 4
21 -31 4
22 -31 4
23 -31 4
24 -31 4
25 -31 4
26 -31 4
27 -31 4
28 -31 4
29 -31 4
30 -31 4
31 -31 4
32 -31 4
33 -31 4
34 -31 4
35 -31 4
36 -31 4
37 -31 4
38 -31 4
39 -31 4
40 -31 4
41 -31 4
42 -31 4
43 -31 4
44 -31 4
45 -31 4
46 -31 4
47 -31 4
48 -31 4
49 -31 4
50 -31 4
51 -31 4
52 -31 4
53 -31 4
54 -31 4
55 -31 4
56 -31 4
57 -31 4
58 -31 4
59 -31 4
60 -31 4
61 -31 4
62 -31 4
63 -31 4
-25 -30 4
-24 -30 4
-23 -30 4
-22 -30 4
-21 -30 4
-20 -30 4
-19 -30 4
-18 -30 4
-17 -30 4
-16 -30 4
-15 -30 4
-14 -30 4
-13 -30 4
-12 -30 4
-11 -30 4
-10 -30 4
-9 -30 4
-8 -30 4
-7 -30 4
-6 -30 4
-5 -30 4
-4 -30 4
-3 -30 4
-2 -30 4
-1 -30 4
0 -30 4
1 -30 4
2 -30 4
3 -30 4
4 -30 4
5 -30 4
6 -30 4
7 -30 4
8 -30 4
9 -30 4
10 -30 4
11 -30 4
12 -30 4
13 -30 4
14 -30 4
15 -30 4
16 -30 4
17 -30 4
18 -30 4
19 -30 4
20 -30 4
21 -30 4
22 -30 4
23 -30 4
24 -30 4
25 -30 4
26 -30 4
27 -30 4
28 -30 4
29 -30 4
30 -30 4
31 -30 4
32 -30 4
33 -30 4
34 -30 4
35 -30 4
36 -30 4
37 -30 4
38 -30 4
39 -30 4
40 -30 4
41 -30 4
42 -30 4
43 -30 4
44 -30 4
45 -30 4
46 -30 4
47 -30 4
48 -30 4
49 -30 4
50 -30 4
51 -30 4
52 -30 4
53 -30 4
54 -30 4
55 -30 4
56 -30 4
57 -30 4
58 -30 4
59 -30 4
60 -30 4
61 -30 4
62 -30 4
63 -30 4
-25 -29 4
-24 -29 4
-23 -29 4
-22 -29 4
-21 -29 4
-20 -29 4
-19 -29 4
-18 -29 4
-17 -29 4
-16 -29 4
-15 -29 4
-14 -29 4
-13 -29 4
-12 -29 4
-11 -29 4
-10 -29 4
-9 -29 4
-8 -29 4
-7 -29 4
-6 -29 4
-5 -29 4
-4 -29 4
-3 -29 4
-2 -29 4
-1 -29 4
0 -29 4
1 -29 4
2 -29 4
3 -29 4
4 -29 4
5 -29 4
6 -29 4
7 -29 4
8 -29 4
9 -29 4
10 -29 4
11 -29 4
12 -29 4
13 -29 4
14 -29 4
15 -29 4
16 -29 4
17 -29 4
18 -29 4
19 -29 4
20 -29 4
21 -29 4
22 -29 4
23 -29 4
24 -29 4
25 -29 4
26 -29 4
27 -29 4
28 -29 4
29 -29 4
30 -29 4
31 -29 4
32 -29 4
33 -29 4
34 -29 4
35 -29 4
36 -29 4
37 -29 4
38 -29 4
39 -29 4
40 -29 4
41 -29 4
42 -29 4
43 -29 4
44 -29 4
45 -29 4
46 -29 4
47 -29 4
48 -29 4
49 -29 4
50 -29 4
51 -29 4
52 -29 4
53 -29 4
54 -29 4
55 -29 4
56 -29 4
57 -29 4
58 -29 4
59 -29 4
60 -29 4
61 -29 4
62 -29 4
63 -29 4
-25 -28 4
-24 -28 4
-23 -28 4
-22 -28 4
-21 -28 4
-20 -28 4
-19 -28 4
-18 -28 4
-17 -28 4
-16 -28 4
-15 -28 4
-14 -28 4
-13 -28 4
-12 -28 4
-11 -28 4
-10 -28 4
-9 -28 4
-8 -28 4
-7 -28 4
-6 -28 4
-5 -28 4
-4 -28 4
-3 -28 4
-2 -28 4
-1 -28 4
0 -28 4
1 -28 4
2 -28 4
3 -28 4
4 -28 4
5 -28 4
6 -28 4
7 -28 4
8 -28 4
9 -28 4
10 -28 4
11 -28 4
12 -28 4
13 -28 4
14 -28 4
15 -28 4
16 -28 4
17 -28 4
18 -28 4
19 -28 4
20 -28 4
21 -28 4
22 -28 4
23 -28 1
24 -28 4
25 -28 4
26 -28 4
27 -28 4
28 -28 4
29 -28 4
30 -28 4
31 -28 4
32 -28 4
33 -28 4
34 -28 4
35 -28 4
36 -28 4
37 -28 4
38 -28 4
39 -28 4
40 -28 4
41 -28 4
42 -28 4
43 -28 4
44 -28 4
45 -28 4
46 -28 4
47 -28 4
48 -28 4
49 -28 4
50 -28 4
51 -28 4
52 -28 4
53 -28 4
54 -28 4
55 -28 4
56 -28 4
57 -28 4
58 -28 4
59 -28 4
60 -28 4
61 -28 4
62 -28 4
63 -28 4
-25 -27 4
-24 -27 4
-23 -27 4
-22 -27 4
-21 -27 4
-20 -27 4
-19 -27 4
-18 -27 4
-17 -27 4
-16 -27 4
-15 -27 4
-14 -27 4
-13 -27 4
-12 -27 4
-11 -27 4
-10 -27 4
-9 -27 4
-8 -27 4
-7 -27 4
-6 -27 4
-5 -27 4
-4 -27 4
-3 -27 4
-2 -27 4
-1 -27 4
0 -27 4
1 -27 4
2 -27 4
3 -27 4
4 -27 4
5 -27 4
6 -27 4
7 -27 4
8 -27 4
9 -27 4
10 -27 4
11 -27 4
12 -27 4
13 -27 4
14 -27 4
15 -27 4
16 -27 4
17 -27 4
18 -27 4
19 -27 4
20 -27 4
21 -27 4
22 -27 1
23 -27 1
24 -27 1
25 -27 4
26 -27 4
27 -27 4
28 -27 4
29 -27 4
30 -27 4
31 -27 4
32 -27 4
33 -27 4
34 -27 4
35 -27 4
36 -27 4
37 -27 4
38 -27 4
39 -27 4
40 -27 4
41 -27 4
42 -27 4
43 -27 4
44 -27 4
45 -27 4
46 -27 4
47 -27 4
48 -27 4
49 -27 4
50 -27 4
51 -27 4
52 -27 4
53 -27 4
54 -27 4
55 -27 4
56 -27 4
57 -27 4
58 -27 4
59 -27 4
60 -27 4
61 -27 4
62 -27 4
63 -27 4
-25 -26 4
-24 -26 4
-23 -26 4
-22 -26 4
-21 -26 4
-20 -26 4
-19 -26 4
-18 -26 4
-17 -26 4
-16 -26 4
-15 -26 4
-14 -26 4
-13 -26 4
-12 -26 4
-11 -26 4
-10 -26 4
-9 -26 4
-8 -26 4
-7 -26 4
-6 -26 4
-5 -26 4
-4 -26 4
-3 -26 4
-2 -26 4
-1 -26 4
0 -26 4
1 -26 4
2 -26 4
3 -26 4
4 -26 4
5 -26 4
6 -26 4
7 -26 4
8 -26 4
9 -26 4
10 -26 4
11 -26 4
12 -26 4
13 -26 4
14 -26 4
15 -26 4
16 -26 4
17 -26 4
18 -26 4
19 -26 4
20 -26 4
21 -26 1
22 -26 1
23 -26 1
24 -26 1
25 -26 1
26 -26 1
27 -26 1
28 -26 1
29 -26 1
30 -26 4
31 -26 4
32 -26 4
33 -26 4
34 -26 4
35 -26 4
36 -26 4
37 -26 4
38 -26 4
39 -26 4
40 -26 4
41 -26 4
42 -26 4
43 -26 4
44 -26 4
45 -26 4
46 -26 4
47 -26 4
48 -26 4
49 -26 4
50 -26 4
51 -26 4
52 -26 4
53 -26 4
54 -26 4
55 -26 4
56 -26 4
57 -26 4
58 -26 4
59 -26 4
60 -26 4
61 -26 4
62 -26 4
63 -26 4
-25 -25 4
-24 -25 4
-23 -25 4
-22 -25 4
-21 -25 4
-20 -25 4
-19 -25 4
-18 -25 4
-17 -25 4
-16 -25 4
-15 -25 4
-14 -25 4
-13 -25 4
-12 -25 4
-11 -25 4
-10 -25 4
-9 -25 4
-8 -25 4
-7 -25 4
-6 -25 4
-5 -25 4
-4 -25 4
-3 -25 4
-2 -25 4
-1 -25 4
0 -25 4
1 -25 4
2 -25 4
3 -25 4
4 -25 4
5 -25 4
6 -25 4
7 -25 4
8 -25 4
9 -25 4
10 -25 4
11 -25 4
12 -25 4
13 -25 4
14 -25 4
15 -25 4
16 -25 4
17 -25 4
18 -25 4
19 -25 4
20 -25 1
21 -25 1
22 -25 1
23 -25 1
24 -25 1
25 -25 1
26 -25 1
27 -25 1
28 -25 1
29 -25 1
30 -25 1
31 -25 4
32 -25 4
33 -25 4
34 -25 4
35 -25 4
36 -25 4
37 -25 4
38 -25 4
39 -25 4
40 -25 4
41 -25 4
42 -25 4
43 -25 4
44 -25 4
45 -25 4
46 -25 4
47 -25 4
48 -25 4
49 -25 4
50 -25 4
51 -25 4
52 -25 4
53 -25 4
54 -25 4
55 -25 4
56 -25 4
57 -25 4
58 -25 4
59 -25 4
60 -25 4
61 -25 4
62 -25 4
63 -25 4
-25 -24 4
-24 -24 4
-23 -24 4
-22 -24 4
-21 -24 4
-20 -24 4
-19 -24 4
-18 -24 4
-17 -24 4
-16 -24 4
-15 -24 4
-14 -24 4
-13 -24 4
-12 -24 4
-11 -24 4
-10 -24 4
-9 -24 4
-8 -24 4
-7 -24 4
-6 -24 4
-5 -24 4
-4 -24 4
-3 -24 4
-2 -24 4
-1 -24 4
0 -24 4
1 -24 4
2 -24 4
3 -24 4
4 -24 4
5 -24 4
6 -24 4
7 -24 4
8 -24 4
9 -24 4
10 -24 4
11 -24 4
12 -24 4
13 -24 4
14 -24 4
15 -24 4
16 -24 4
17 -24 4
18 -24 4
19 -24 4
20 -24 1
21 -24 1
22 -24 1
23 -24 1
24 -24 1
25 -24 1
26 -24 1
27 -24 1
28 -24 1
29 -24 1
30 -24 1
31 -24 1
32 -24 4
33 -24 4
34 -24 4
35 -24 4
36 -24 4
37 -24 4
38 -24 4
39 -24 4
40 -24 4
41 -24 4
42 -24 4
43 -24 4
44 -24 4
45 -24 4
46 -24 4
47 -24 4
48 -24 4
49 -24 4
50 -24 4
51 -24 4
52 -24 4
53 -24 4
54 -24 4
55 -24 4
56 -24 4
57 -24 4
58 -24 4
59 -24 4
60 -24 4
61 -24 4
62 -24 4
63 -24 4
-25 -23 4
-24 -23 4
-23 -23 4
-22 -23 4
-21 -23 4
-20 -23 4
-19 -23 4
-18 -23 4
-17 -23 4
-16 -23 4
-15 -23 4
-14 -23 4
-13 -23 4
-12 -23 4
-11 -23 4
-10 -23 4
-9 -23 4
-8 -23 4
-7 -23 4
-6 -23 4
-5 -23 4
-4 -23 4
-3 -23 4
-2 -23 4
-1 -23 4
0 -23 4
1 -23 4
2 -23 4
3 -23 4
4 -23 4
5 -23 4
6 -23 4
7 -23 4
8 -23 4
9 -23 4
10 -23 4
11 -23 4
12 -23 4
13 -23 4
14 -23 4
15 -23 4
16 -23 4
17 -23 4
18 -23 4
19 -23 4
20 -23 1
21 -23 1
22 -23 1
23 -23 1
24 -23 1
25 -23 1
26 -23 1
27 -23 1
28 -23 1
29 -23 1
30 -23 1
31 -23 1
32 -23 4
33 -23 4
34 -23 4
35 -23 4
36 -23 4
37 -23 4
38 -23 4
39 -23 4
40 -23 4
41 -23 4
42 -23 4
43 -23 4
44 -23 4
45 -23 4
46 -23 4
47 -23 4
48 -23 4
49 -23 4
50 -23 4
51 -23 4
52 -23 4
53 -23 4
54 -23 4
55 -23 4
56 -23 4
57 -23 4
58 -23 4
59 -23 4
60 -23 4
61 -23 4
62 -23 4
63 -23 4
-25 -22 4
-24 -22 4
-23 -22 4
-22 -22 4
-21 -22 4
-20 -22 4
-19 -22 4
-18 -22 4
-17 -22 4
-16 -22 4
-15 -22 4
-14 -22 4
-13 -22 4
-12 -22 4
-11 -22 4
-10 -22 4
-9 -22 4
-8 -22 4
-7 -22 4
-6 -22 4
-5 -22 4
-4 -22 4
-3 -22 4
-2 -22 4
-1 -22 4
0 -22 4
1 -22 4
2 -22 4
3 -22 4
4 -22 4
5 -22 4
6 -22 4
7 -22 4
8 -22 4
9 -22 4
10 -22 4
11 -22 4
12 -22 4
13 -22 4
14 -22 4
15 -22 4
16 -22 4
17 -22 4
18 -22 4
19 -22 4
20 -22 1
21 -22 1
22 -22 1
23 -22 1
24 -22 1
25 -22 1
26 -22 1
27 -22 1
28 -22 1
29 -22 1
30 -22 1
31 -22 1
32 -22 4
33 -22 4
34 -22 4
35 -22 4
36 -22 4
37 -22 4
38 -22 4
39 -22 4
40 -22 4
41 -22 4
42 -22 4
43 -22 4
44 -22 4
45 -22 4
46 -22 4
47 -22 4
48 -22 4
49 -22 4
50 -22 4
51 -22 4
52 -22 4
53 -22 4
54 -22 4
55 -22 4
56 -22 4
57 -22 4
58 -22 4
59 -22 4
60 -22 4
61 -22 4
62 -22 4
63 -22 4
-25 -21 4
-24 -21 4
-23 -21 4
-22 -21 4
-21 -21 4
-20 -21 4
-19 -21 4
-18 -21 4
-17 -21 4
-16 -21 4
-15 -21 4
-14 -21 4
-13 -21 4
-12 -21 4
-11 -21 4
-10 -21 4
-9 -21 4
-8 -21 4
-7 -21 4
-6 -21 4
-5 -21 4
-4 -21 4
-3 -21 4
-2 -21 4
-1 -21 4
0 -21 4
1 -21 4
2 -21 4
3 -21 4
4 -21 4
5 -21 4
6 -21 4
7 -21 4
8 -21 4
9 -21 4
10 -21 4
11 -21 4
12 -21 4
13 -21 4
14 -21 4
15 -21 4
16 -21 4
17 -21 4
18 -21 4
19 -21 1
20 -21 1
21 -21 1
22 -21 1
23 -21 1
24 -21 1
25 -21 1
26 -21 1
27 -21 1
28 -21 1
29 -21 1
30 -21 1
31 -21 1
32 -21 4
33 -21 4
34 -21 4
35 -21 4
36 -21 4
37 -21 4
38 -21 4
39 -21 4
40 -21 4
41 -21 4
42 -21 4
43 -21 4
44 -21 4
45 -21 4
46 -21 4
47 -21 4
48 -21 4
49 -21 4
50 -21 4
51 -21 4
52 -21 4
53 -21 4
54 -21 4
55 -21 4
56 -21 4
57 -21 4
58 -21 4
59 -21 4
60 -21 4
61 -21 4
62 -21 4
63 -21 4
-25 -20 4
-24 -20 4
-23 -20 4
-22 -20 4
-21 -20 4
-20 -20 4
-19 -20 4
-18 -20 4
-17 -20 4
-16 -20 4
-15 -20 4
-14 -20 4
-13 -20 4
-12 -20 4
-11 -20 4
-10 -20 4
-9 -20 4
-8 -20 4
-7 -20 4
-6 -20 4
-5 -20 4
-4 -20 4
-3 -20 4
-2 -20 4
-1 -20 4
0 -20 4
1 -20 4
2 -20 4
3 -20 4
4 -20 4
5 -20 4
6 -20 4
7 -20 4
8 -20 4
9 -20 4
10 -20 4
11 -20 4
12 -20 4
13 -20 4
14 -20 4
15 -20 4
16 -20 4
17 -20 4
18 -20 4
19 -20 1
20 -20 1
21 -20 1
22 -20 1
23 -20 1
24 -20 1
25 -20 1
26 -20 1
27 -20 1
28 -20 1
29 -20 1
30 -20 1
31 -20 1
32 -20 4
33 -20 4
34 -20 4
35 -20 4
36 -20 4
37 -20 4
38 -20 4
39 -20 4
40 -20 4
41 -20 4
42 -20 4
43 -20 4
44 -20 4
45 -20 4
46 -20 4
47 -20 4
48 -20 4
49 -20 4
50 -20 4
51 -20 4
52 -20 4
53 -20 4
54 -20 4
55 -20 4
56 -20 4
57 -20 4
58 -20 4
59 -20 4
60 -20 4
61 -20 4
62 -20 4
63 -20 4
-25 -19 4
-24 -19 4
-23 -19 4
-22 -19 4
-21 -19 4
-20 -19 4
-19 -19 4
-18 -19 4
-17 -19 4
-16 -19 4
-15 -19 4
-14 -19 4
-13 -19 4
-12 -19 4
-11 -19 4
-10 -19 4
-9 -19 4
-8 -19 4
-7 -19 4
-6 -19 4
-5 -19 4
-4 -19 4
-3 -19 4
-2 -19 4
-1 -19 4
0 -19 4
1 -19 4
2 -19 4
3 -19 4
4 -19 4
5 -19 4
6 -19 4
7 -19 4
8 -19 4
9 -19 4
10 -19 4
11 -19 4
12 -19 4
13 -19 4
14 -19 4
15 -19 4
16 -19 4
17 -19 4
18 -19 1
19 -19 1
20 -19 1
21 -19 1
22 -19 1
23 -19 1
24 -19 1
25 -19 1
26 -19 1
27 -19 1
28 -19 1
29 -19 1
30 -19 1
31 -19 1
32 -19 1
33 -19 4
34 -19 4
35 -19 4
36 -19 4
37 -19 4
38 -19 4
39 -19 4
40 -19 4
41 -19 4
42 -19 4
43 -19 4
44 -19 4
45 -19 4
46 -19 4
47 -19 4
48 -19 4
49 -19 4
50 -19 4
51 -19 4
52 -19 4
53 -19 4
54 -19 4
55 -19 4
56 -19 4
57 -19 4
58 -19 4
59 -19 4
60 -19 4
61 -19 4
62 -19 4
63 -19 4
-25 -18 4
-24 -18 4
-23 -18 4
-22 -18 4
-21 -18 4
-20 -18 4
-19 -18 4
-18 -18 4
-17 -18 4
-16 -18 4
-15 -18 4
-14 -18 4
-13 -18 4
-12 -18 4
-11 -18 4
-10 -18 4
-9 -18 4
-8 -18 4
-7 -18 4
-6 -18 4
-5 -18 4
-4 -18 4
-3 -18 4
-2 -18 4
-1 -18 4
0 -18 4
1 -18 4
2 -18 4
3 -18 4
4 -18 4
5 -18 4
6 -18 4
7 -18 4
8 -18 4
9 -18 4
10 -18 4
11 -18 4
12 -18 4
13 -18 4
14 -18 4
15 -18 4
16 -18 4
17 -18 4
18 -18 1
19 -18 1
20 -18 1
21 -18 1
22 -18 1
23 -18 4
24 -18 4
25 -18 4
26 -18 4
27 -18 1
28 -18 1
29 -18 1
30 -18 1
31 -18 1
32 -18 1
33 -18 4
34 -18 4
35 -18 4
36 -18 4
37 -18 4
38 -18 4
39 -18 4
40 -18 4
41 -18 4
42 -18 4
43 -18 4
44 -18 4
45 -18 4
46 -18 4
47 -18 4
48 -18 4
49 -18 4
50 -18 4
51 -18 4
52 -18 4
53 -18 4
54 -18 4
55 -18 4
56 -18 4
57 -18 4
58 -18 4
59 -18 4
60 -18 4
61 -18 4
62 -18 4
63 -18 4
-25 -17 4
-24 -17 4
-23 -17 4
-22 -17 4
-21 -17 4
-20 -17 4
-19 -17 4
-18 -17 4
-17 -17 4
-16 -17 4
-15 -17 4
-14 -17 4
-13 -17 4
-12 -17 4
-11 -17 4
-10 -17 4
-9 -17 4
-8 -17 4
-7 -17 4
-6 -17 4
-5 -17 4
-4 -17 4
-3 -17 4
-2 -17 4
-1 -17 4
0 -17 4
1 -17 4
2 -17 4
3 -17 4
4 -17 4
5 -17 4
6 -17 4
7 -17 4
8 -17 4
9 -17 4
10 -17 4
11 -17 4
12 -17 4
13 -17 4
14 -17 4
15 -17 4
16 -17 4
17 -17 4
18 -17 1
19 -17 1
20 -17 1
21 -17 1
22 -17 4
23 -17 4
24 -17 4
25 -17 4
26 -17 4
27 -17 1
28 -17 1
29 -17 1
30 -17 1
31 -17 1
32 -17 1
33 -17 4
34 -17 4
35 -17 4
36 -17 4
37 -17 4
38 -17 4
39 -17 4
40 -17 4
41 -17 4
42 -17 4
43 -17 4
44 -17 4
45 -17 4
46 -17 4
47 -17 4
48 -17 4
49 -17 4
50 -17 4
51 -17 4
52 -17 4
53 -17 4
54 -17 4
55 -17 4
56 -17 4
57 -17 4
58 -17 4
59 -17 4
60 -17 4
61 -17 4
62 -17 4
63 -17 4
-25 -16 4
-24 -16 4
-23 -16 4
-22 -16 4
-21 -16 4
-20 -16 4
-19 -16 4
-18 -16 4
-17 -16 4
-16 -16 4
-15 -16 4
-14 -16 4
-13 -16 4
-12 -16 4
-11 -16 4
-10 -16 4
-9 -16 4
-8 -16 4
-7 -16 4
-6 -16 4
-5 -16 4
-4 -16 4
-3 -16 4
-2 -16 4
-1 -16 4
0 -16 4
1 -16 4
2 -16 4
3 -16 4
4 -16 4
5 -16 4
6 -16 4
7 -16 4
8 -16 4
9 -16 4
10 -16 4
11 -16 4
12 -16 4
13 -16 4
14 -16 4
15 -16 4
16 -16 4
17 -16 4
18 -16 4
19 -16 4
20 -16 1
21 -16 1
22 -16 4
23 -16 4
24 -16 4
25 -16 4
26 -16 4
27 -16 4
28 -16 1
29 -16 1
30 -16 1
31 -16 1
32 -16 1
33 -16 1
34 -16 4
35 -16 4
36 -16 4
37 -16 4
38 -16 4
39 -16 4
40 -16 4
41 -16 4
42 -16 4
43 -16 4
44 -16 4
45 -16 4
46 -16 4
47 -16 4
48 -16 4
49 -16 4
50 -16 4
51 -16 4
52 -16 4
53 -16 4
54 -16 4
55 -16 4
56 -16 4
57 -16 4
58 -16 4
59 -16 4
60 -16 4
61 -16 4
62 -16 4
63 -16 4
-25 -15 4
-24 -15 4
-23 -15 4
-22 -15 4
-21 -15 4
-20 -15 4
-19 -15 4
-18 -15 4
-17 -15 4
-16 -15 4
-15 -15 4
-14 -15 4
-13 -15 4
-12 -15 4
-11 -15 4
-10 -15 4
-9 -15 4
-8 -15 4
-7 -15 4
-6 -15 4
-5 -15 4
-4 -15 4
-3 -15 4
-2 -15 4
-1 -15 4
0 -15 4
1 -15 4
2 -15 4
3 -15 4
4 -15 4
5 -15 4
6 -15 4
7 -15 4
8 -15 4
9 -15 4
10 -15 4
11 -15 4
12 -15 4
13 -15 4
14 -15 4
15 -15 4
16 -15 4
17 -15 4
18 -15 4
19 -15 4
20 -15 4
21 -15 1
22 -15 4
23 -15 4
24 -15 4
25 -15 4
26 -15 4
27 -15 4
28 -15 1
29 -15 1
30 -15 1
31 -15 1
32 -15 1
33 -15 1
34 -15 1
35 -15 4
36 -15 4
37 -15 4
38 -15 4
39 -15 4
40 -15 4
41 -15 4
42 -15 4
43 -15 4
44 -15 4
45 -15 4
46 -15 4
47 -15 4
48 -15 4
49 -15 4
50 -15 4
51 -15 4
52 -15 4
53 -15 4
54 -15 4
55 -15 4
56 -15 4
57 -15 4
58 -15 4
59 -15 4
60 -15 4
61 -15 4
62 -15 4
63 -15 4
-25 -14 4
-24 -14 4
-23 -14 4
-22 -14 4
-21 -14 4
-20 -14 4
-19 -14 4
-18 -14 4
-17 -14 4
-16 -14 4
-15 -14 4
-14 -14 4
-13 -14 4
-12 -14 4
-11 -14 4
-10 -14 4
-9 -14 4
-8 -14 4
-7 -14 4
-6 -14 4
-5 -14 4
-4 -14 4
-3 -14 4
-2 -14 4
-1 -14 4
0 -14 4
1 -14 4
2 -14 4
3 -14 4
4 -14 4
5 -14 4
6 -14 4
7 -14 4
8 -14 4
9 -14 4
10 -14 4
11 -14 4
12 -14 4
13 -14 4
14 -14 4
15 -14 4
16 -14 4
17 -14 4
18 -14 4
19 -14 4
20 -14 4
21 -14 4
22 -14 4
23 -14 4
24 -14 4
25 -14 4
26 -14 4
27 -14 4
28 -14 1
29 -14 1
30 -14 1
31 -14 1
32 -14 1
33 -14 1
34 -14 1
35 -14 1
36 -14 1
37 -14 1
38 -14 4
39 -14 4
40 -14 4
41 -14 4
42 -14 4
43 -14 4
44 -14 4
45 -14 4
46 -14 4
47 -14 4
48 -14 4
49 -14 4
50 -14 4
51 -14 4
52 -14 4
53 -14 4
54 -14 4
55 -14 4
56 -14 4
57 -14 4
58 -14 4
59 -14 4
60 -14 4
61 -14 4
62 -14 4
63 -14 4
-25 -13 4
-24 -13 4
-23 -13 4
-22 -13 4
-21 -13 4
-20 -13 4
-19 -13 4
-18 -13 4
-17 -13 4
-16 -13 4
-15 -13 4
-14 -13 4
-13 -13 4
-12 -13 4
-11 -13 4
-10 -13 4
-9 -13 4
-8 -13 4
-7 -13 4
-6 -13 4
-5 -13 4
-4 -13 4
-3 -13 4
-2 -13 4
-1 -13 4
0 -13 4
1 -13 4
2 -13 4
3 -13 4
4 -13 4
5 -13 4
6 -13 4
7 -13 4
8 -13 4
9 -13 4
10 -13 4
11 -13 4
12 -13 4
13 -13 4
14 -13 4
15 -13 4
16 -13 4
17 -13 4
18 -13 4
19 -13 4
20 -13 4
21 -13 4
22 -13 2
23 -13 4
24 -13 4
25 -13 4
26 -13 4
27 -13 4
28 -13 4
29 -13 1
30 -13 1
31 -13 1
32 -13 1
33 -13 1
34 -13 1
35 -13 1
36 -13 1
37 -13 1
38 -13 1
39 -13 4
40 -13 4
41 -13 4
42 -13 4
43 -13 4
44 -13 4
45 -13 4
46 -13 4
47 -13 4
48 -13 4
49 -13 4
50 -13 4
51 -13 4
52 -13 4
53 -13 4
54 -13 4
55 -13 4
56 -13 4
57 -13 4
58 -13 4
59 -13 4
60 -13 4
61 -13 4
62 -13 4
63 -13 4
-25 -12 4
-24 -12 4
-23 -12 4
-22 -12 4
-21 -12 4
-20 -12 4
-19 -12 4
-18 -12 4
-17 -12 4
-16 -12 4
-15 -12 4
-14 -12 4
-13 -12 4
-12 -12 4
-11 -12 4
-10 -12 4
-9 -12 4
-8 -12 4
-7 -12 4
-6 -12 4
-5 -12 4
-4 -12 4
-3 -12 4
-2 -12 4
-1 -12 4
0 -12 4
1 -12 4
2 -12 4
3 -12 4
4 -12 4
5 -12 4
6 -12 4
7 -12 4
8 -12 4
9 -12 4
10 -12 4
11 -12 4
12 -12 4
13 -12 4
14 -12 4
15 -12 4
16 -12 4
17 -12 4
18 -12 4
19 -12 4
20 -12 4
21 -12 4
22 -12 2
23 -12 2
24 -12 4
25 -12 4
26 -12 4
27 -12 4
28 -12 4
29 -12 1
30 -12 1
31 -12 1
32 -12 1
33 -12 1
34 -12 1
35 -12 4
36 -12 4
37 -12 1
38 -12 4
39 -12 4
40 -12 4
41 -12 4
42 -12 4
43 -12 4
44 -12 4
45 -12 4
46 -12 4
47 -12 4
48 -12 4
49 -12 4
50 -12 4
51 -12 4
52 -12 4
53 -12 4
54 -12 4
55 -12 4
56 -12 4
57 -12 4
58 -12 4
59 -12 4
60 -12 4
61 -12 4
62 -12 4
63 -12 4
-25 -11 4
-24 -11 4
-23 -11 4
-22 -11 4
-21 -11 4
-20 -11 4
-19 -11 4
-18 -11 4
-17 -11 4
-16 -11 4
-15 -11 4
-14 -11 4
-13 -11 4
-12 -11 4
-11 -11 4
-10 -11 4
-9 -11 4
-8 -11 4
-7 -11 4
-6 -11 4
-5 -11 4
-4 -11 4
-3 -11 4
-2 -11 4
-1 -11 4
0 -11 4
1 -11 4
2 -11 4
3 -11 4
4 -11 4
5 -11 4
6 -11 4
7 -11 4
8 -11 4
9 -11 4
10 -11 4
11 -11 4
12 -11 4
13 -11 4
14 -11 4
15 -11 4
16 -11 4
17 -11 4
18 -11 4
19 -11 4
20 -11 4
21 -11 2
22 -11 2
23 -11 2
24 -11 2
25 -11 2
26 -11 4
27 -11 4
28 -11 4
29 -11 4
30 -11 4
31 -11 4
32 -11 4
33 -11 4
34 -11 4
35 -11 4
36 -11 4
37 -11 4
38 -11 4
39 -11 4
40 -11 4
41 -11 4
42 -11 4
43 -11 4
44 -11 4
45 -11 4
46 -11 4
47 -11 4
48 -11 4
49 -11 4
50 -11 4
51 -11 4
52 -11 4
53 -11 4
54 -11 4
55 -11 4
56 -11 4
57 -11 4
58 -11 4
59 -11 4
60 -11 4
61 -11 4
62 -11 4
63 -11 4
-25 -10 4
-24 -10 4
-23 -10 4
-22 -10 4
-21 -10 4
-20 -10 4
-19 -10 4
-18 -10 4
-17 -10 4
-16 -10 4
-15 -10 4
-14 -10 4
-13 -10 4
-12 -10 4
-11 -10 4
-10 -10 4
-9 -10 4
-8 -10 4
-7 -10 4
-6 -10 4
-5 -10 4
-4 -10 4
-3 -10 4
-2 -10 4
-1 -10 4
0 -10 4
1 -10 4
2 -10 4
3 -10 4
4 -10 4
5 -10 4
6 -10 4
7 -10 4
8 -10 4
9 -10 4
10 -10 4
11 -10 4
12 -10 4
13 -10 4
14 -10 4
15 -10 4
16 -10 4
17 -10 4
18 -10 4
19 -10 4
20 -10 4
21 -10 2
22 -10 2
23 -10 2
24 -10 2
25 -10 2
26 -10 2
27 -10 4
28 -10 4
29 -10 4
30 -10 4
31 -10 4
32 -10 4
33 -10 4
34 -10 4
35 -10 4
36 -10 4
37 -10 4
38 -10 4
39 -10 4
40 -10 4
41 -10 4
42 -10 4
43 -10 4
44 -10 4
45 -10 4
46 -10 4
47 -10 4
48 -10 4
49 -10 4
50 -10 4
51 -10 4
52 -10 4
53 -10 4
54 -10 4
55 -10 4
56 -10 4
57 -10 4
58 -10 4
59 -10 4
60 -10 4
61 -10 4
62 -10 4
63 -10 4
-25 -9 4
-24 -9 4
-23 -9 4
-22 -9 4
-21 -9 4
-20 -9 4
-19 -9 4
-18 -9 4
-17 -9 4
-16 -9 4
-15 -9 4
-14 -9 4
-13 -9 4
-12 -9 4
-11 -9 4
-10 -9 4
-9 -9 4
-8 -9 4
-7 -9 4
-6 -9 4
-5 -9 4
-4 -9 4
-3 -9 4
-2 -9 4
-1 -9 4
0 -9 4
1 -9 4
2 -9 4
3 -9 4
4 -9 4
5 -9 4
6 -9 4
7 -9 4
8 -9 4
9 -9 4
10 -9 4
11 -9 4
12 -9 4
13 -9 4
14 -9 4
15 -9 4
16 -9 4
17 -9 4
18 -9 4
19 -9 2
20 -9 2
21 -9 2
22 -9 2
23 -9 2
24 -9 2
25 -9 2
26 -9 2
27 -9 2
28 -9 4
29 -9 4
30 -9 4
31 -9 4
32 -9 4
33 -9 4
34 -9 4
35 -9 4
36 -9 4
37 -9 4
38 -9 4
39 -9 4
40 -9 4
41 -9 4
42 -9 4
43 -9 4
44 -9 4
45 -9 4
46 -9 4
47 -9 4
48 -9 4
49 -9 4
50 -9 4
51 -9 4
52 -9 4
53 -9 4
54 -9 4
55 -9 4
56 -9 4
57 -9 4
58 -9 4
59 -9 4
60 -9 4
61 -9 4
62 -9 4
63 -9 4
-25 -8 4
-24 -8 4
-23 -8 4
-22 -8 4
-21 -8 4
-20 -8 4
-19 -8 4
-18 -8 4
-17 -8 4
-16 -8 4
-15 -8 4
-14 -8 4
-13 -8 4
-12 -8 4
-11 -8 4
-10 -8 4
-9 -8 4
-8 -8 4
-7 -8 4
-6 -8 4
-5 -8 4
-4 -8 4
-3 -8 4
-2 -8 4
-1 -8 4
0 -8 4
1 -8 4
2 -8 4
3 -8 4
4 -8 4
5 -8 4
6 -8 4
7 -8 4
8 -8 4
9 -8 4
10 -8 4
11 -8 4
12 -8 4
13 -8 4
14 -8 4
15 -8 4
16 -8 4
17 -8 2
18 -8 2
19 -8 2
20 -8 2
21 -8 2
22 -8 2
23 -8 2
24 -8 2
25 -8 2
26 -8 2
27 -8 2
28 -8 4
29 -8 4
30 -8 4
31 -8 4
32 -8 4
33 -8 4
34 -8 4
35 -8 4
36 -8 4
37 -8 4
38 -8 4
39 -8 4
40 -8 4
41 -8 4
42 -8 4
43 -8 4
44 -8 4
45 -8 4
46 -8 4
47 -8 4
48 -8 4
49 -8 4
50 -8 4
51 -8 4
52 -8 4
53 -8 4
54 -8 4
55 -8 4
56 -8 4
57 -8 4
58 -8 4
59 -8 4
60 -8 4
61 -8 4
62 -8 4
63 -8 4
-25 -7 4
-24 -7 4
-23 -7 4
-22 -7 4
-21 -7 4
-20 -7 4
-19 -7 4
-18 -7 4
-17 -7 4
-16 -7 4
-15 -7 4
-14 -7 4
-13 -7 4
-12 -7 4
-11 -7 4
-10 -7 4
-9 -7 4
-8 -7 4
-7 -7 4
-6 -7 4
-5 -7 4
-4 -7 4
-3 -7 4
-2 -7 4
-1 -7 4
0 -7 4
1 -7 4
2 -7 4
3 -7 4
4 -7 4
5 -7 4
6 -7 4
7 -7 4
8 -7 4
9 -7 4
10 -7 4
11 -7 4
12 -7 4
13 -7 4
14 -7 2
15 -7 2
16 -7 2
17 -7 2
18 -7 2
19 -7 2
20 -7 2
21 -7 2
22 -7 2
23 -7 2
24 -7 2
25 -7 2
26 -7 2
27 -7 2
28 -7 2
29 -7 4
30 -7 4
31 -7 4
32 -7 4
33 -7 4
34 -7 4
35 -7 4
36 -7 4
37 -7 4
38 -7 4
39 -7 4
40 -7 4
41 -7 4
42 -7 4
43 -7 4
44 -7 4
45 -7 4
46 -7 4
47 -7 4
48 -7 4
49 -7 4
50 -7 4
51 -7 4
52 -7 4
53 -7 4
54 -7 4
55 -7 4
56 -7 4
57 -7 4
58 -7 4
59 -7 4
60 -7 4
61 -7 4
62 -7 4
63 -7 4
-25 -6 4
-24 -6 4
-23 -6 4
-22 -6 4
-21 -6 4
-20 -6 4
-19 -6 4
-18 -6 4
-17 -6 4
-16 -6 4
-15 -6 4
-14 -6 4
-13 -6 4
-12 -6 4
-11 -6 4
-10 -6 4
-9 -6 4
-8 -6 4
-7 -6 4
-6 -6 4
-5 -6 4
-4 -6 4
-3 -6 4
-2 -6 4
-1 -6 4
0 -6 4
1 -6 4
2 -6 4
3 -6 4
4 -6 4
5 -6 4
6 -6 4
7 -6 4
8 -6 4
9 -6 4
10 -6 4
11 -6 4
12 -6 2
13 -6 2
14 -6 2
15 -6 2
16 -6 2
17 -6 2
18 -6 2
19 -6 2
20 -6 2
21 -6 2
22 -6 2
23 -6 2
24 -6 2
25 -6 2
26 -6 2
27 -6 2
28 -6 4
29 -6 4
30 -6 4
31 -6 4
32 -6 4
33 -6 4
34 -6 4
35 -6 4
36 -6 4
37 -6 4
38 -6 4
39 -6 4
40 -6 4
41 -6 4
42 -6 4
43 -6 4
44 -6 4
45 -6 4
46 -6 4
47 -6 4
48 -6 4
49 -6 4
50 -6 4
51 -6 4
52 -6 4
53 -6 4
54 -6 4
55 -6 4
56 -6 4
57 -6 4
58 -6 4
59 -6 4
60 -6 4
61 -6 4
62 -6 4
63 -6 4
-25 -5 4
-24 -5 4
-23 -5 4
-22 -5 4
-21 -5 4
-20 -5 4
-19 -5 4
-18 -5 4
-17 -5 4
-16 -5 4
-15 -5 4
-14 -5 4
-13 -5 4
-12 -5 4
-11 -5 4
-10 -5 4
-9 -5 4
-8 -5 4
-7 -5 4
-6 -5 4
-5 -5 4
-4 -5 4
-3 -5 4
-2 -5 4
-1 -5 4
0 -5 4
1 -5 4
2 -5 4
3 -5 4
4 -5 4
5 -5 4
6 -5 4
7 -5 4
8 -5 4
9 -5 4
10 -5 4
11 -5 4
12 -5 2
13 -5 2
14 -5 2
15 -5 2
16 -5 2
17 -5 2
18 -5 2
19 -5 2
20 -5 2
21 -5 2
22 -5 2
23 -5 2
24 -5 2
25 -5 2
26 -5 2
27 -5 4
28 -5 4
29 -5 4
30 -5 4
31 -5 4
32 -5 4
33 -5 4
34 -5 4
35 -5 4
36 -5 4
37 -5 4
38 -5 4
39 -5 4
40 -5 4
41 -5 4
42 -5 4
43 -5 4
44 -5 4
45 -5 4
46 -5 4
47 -5 4
48 -5 4
49 -5 4
50 -5 4
51 -5 4
52 -5 4
53 -5 4
54 -5 4
55 -5 4
56 -5 4
57 -5 4
58 -5 4
59 -5 4
60 -5 4
61 -5 4
62 -5 4
63 -5 4
-25 -4 4
-24 -4 4
-23 -4 4
-22 -4 4
-21 -4 4
-20 -4 4
-19 -4 4
-18 -4 4
-17 -4 4
-16 -4 4
-15 -4 4
-14 -4 4
-13 -4 4
-12 -4 4
-11 -4 4
-10 -4 4
-9 -4 4
-8 -4 4
-7 -4 4
-6 -4 4
-5 -4 4
-4 -4 4
-3 -4 4
-2 -4 4
-1 -4 4
0 -4 4
1 -4 4
2 -4 4
3 -4 4
4 -4 4
5 -4 4
6 -4 4
7 -4 4
8 -4 4
9 -4 4
10 -4 4
11 -4 2
12 -4 2
13 -4 2
14 -4 2
15 -4 2
16 -4 2
17 -4 2
18 -4 2
19 -4 2
20 -4 2
21 -4 2
22 -4 2
23 -4 2
24 -4 2
25 -4 2
26 -4 4
27 -4 4
28 -4 4
29 -4 4
30 -4 4
31 -4 4
32 -4 4
33 -4 4
34 -4 4
35 -4 4
36 -4 4
37 -4 4
38 -4 4
39 -4 4
40 -4 4
41 -4 4
42 -4 4
43 -4 4
44 -4 4
45 -4 4
46 -4 4
47 -4 4
48 -4 4
49 -4 4
50 -4 4
51 -4 4
52 -4 4
53 -4 4
54 -4 4
55 -4 4
56 -4 4
57 -4 4
58 -4 4
59 -4 4
60 -4 4
61 -4 4
62 -4 4
63 -4 4
-25 -3 4
-24 -3 4
-23 -3 4
-22 -3 4
-21 -3 4
-20 -3 4
-19 -3 4
-18 -3 4
-17 -3 4
-16 -3 4
-15 -3 4
-14 -3 4
-13 -3 4
-12 -3 4
-11 -3 4
-10 -3 4
-9 -3 4
-8 -3 4
-7 -3 4
-6 -3 4
-5 -3 4
-4 -3 4
-3 -3 4
-2 -3 4
-1 -3 4
0 -3 4
1 -3 4
2 -3 4
3 -3 4
4 -3 4
5 -3 4
6 -3 4
7 -3 4
8 -3 4
9 -3 4
10 -3 2
11 -3 2
12 -3 2
13 -3 2
14 -3 2
15 -3 2
16 -3 2
17 -3 2
18 -3 2
19 -3 2
20 -3 2
21 -3 2
22 -3 2
23 -3 2
24 -3 2
25 -3 2
26 -3 4
27 -3 4
28 -3 4
29 -3 4
30 -3 4
31 -3 4
32 -3 4
33 -3 4
34 -3 4
35 -3 4
36 -3 4
37 -3 4
38 -3 4
39 -3 4
40 -3 4
41 -3 4
42 -3 4
43 -3 4
44 -3 4
45 -3 4
46 -3 4
47 -3 4
48 -3 4
49 -3 4
50 -3 4
51 -3 4
52 -3 4
53 -3 4
54 -3 4
55 -3 4
56 -3 4
57 -3 4
58 -3 4
59 -3 4
60 -3 4
61 -3 4
62 -3 4
63 -3 4
-25 -2 4
-24 -2 4
-23 -2 4
-22 -2 4
-21 -2 4
-20 -2 4
-19 -2 4
-18 -2 4
-17 -2 4
-16 -2 4
-15 -2 4
-14 -2 4
-13 -2 4
-12 -2 4
-11 -2 4
-10 -2 4
-9 -2 4
-8 -2 4
-7 -2 4
-6 -2 4
-5 -2 4
-4 -2 4
-3 -2 4
-2 -2 4
-1 -2 4
0 -2 4
1 -2 4
2 -2 4
3 -2 4
4 -2 4
5 -2 4
6 -2 4
7 -2 4
8 -2 4
9 -2 4
10 -2 2
11 -2 2
12 -2 2
13 -2 2
14 -2 2
15 -2 2
16 -2 2
17 -2 2
18 -2 2
19 -2 2
20 -2 2
21 -2 2
22 -2 2
23 -2 2
24 -2 2
25 -2 2
26 -2 4
27 -2 4
28 -2 4
29 -2 4
30 -2 4
31 -2 4
32 -2 4
33 -2 4
34 -2 4
35 -2 4
36 -2 4
37 -2 4
38 -2 4
39 -2 4
40 -2 4
41 -2 4
42 -2 4
43 -2 4
44 -2 4
45 -2 4
46 -2 4
47 -2 4
48 -2 4
49 -2 4
50 -2 4
51 -2 4
52 -2 4
53 -2 4
54 -2 4
55 -2 4
56 -2 4
57 -2 4
58 -2 4
59 -2 4
60 -2 4
61 -2 4
62 -2 4
63 -2 4
-25 -1 4
-24 -1 4
-23 -1 4
-22 -1 4
-21 -1 4
-20 -1 4
-19 -1 4
-18 -1 4
-17 -1 4
-16 -1 4
-15 -1 4
-14 -1 4
-13 -1 4
-12 -1 4
-11 -1 4
-10 -1 4
-9 -1 4
-8 -1 4
-7 -1 4
-6 -1 4
-5 -1 4
-4 -1 4
-3 -1 4
-2 -1 4
-1 -1 4
0 -1 4
1 -1 4
2 -1 4
3 -1 4
4 -1 4
5 -1 4
6 -1 4
7 -1 4
8 -1 4
9 -1 4
10 -1 2
11 -1 2
12 -1 2
13 -1 2
14 -1 2
15 -1 2
16 -1 2
17 -1 2
18 -1 2
19 -1 2
20 -1 2
21 -1 2
22 -1 2
23 -1 2
24 -1 2
25 -1 2
26 -1 4
27 -1 4
28 -1 4
29 -1 4
30 -1 4
31 -1 4
32 -1 4
33 -1 4
34 -1 4
35 -1 4
36 -1 4
37 -1 4
38 -1 4
39 -1 4
40 -1 4
41 -1 4
42 -1 4
43 -1 4
44 -1 4
45 -1 4
46 -1 4
47 -1 4
48 -1 4
49 -1 4
50 -1 4
51 -1 4
52 -1 4
53 -1 4
54 -1 4
55 -1 4
56 -1 4
57 -1 4
58 -1 4
59 -1 4
60 -1 4
61 -1 4
62 -1 4
63 -1 4
-25 0 4
-24 0 4
-23 0 4
-22 0 4
-21 0 4
-20 0 4
-19 0 4
-18 0 4
-17 0 4
-16 0 4
-15 0 4
-14 0 4
-13 0 4
-12 0 4
-11 0 4
-10 0 4
-9 0 4
-8 0 4
-7 0 4
-6 0 4
-5 0 4
-4 0 4
-3 0 4
-2 0 4
-1 0 4
0 0 4
1 0 4
2 0 4
3 0 4
4 0 4
5 0 4
6 0 4
7 0 4
8 0 4
9 0 4
10 0 2
11 0 2
12 0 2
13 0 2
14 0 2
15 0 2
16 0 2
17 0 2
18 0 2
19 0 2
20 0 2
21 0 2
22 0 2
23 0 2
24 0 2
25 0 2
26 0 4
27 0 4
28 0 4
29 0 4
30 0 4
31 0 4
32 0 4
33 0 4
34 0 4
35 0 4
36 0 4
37 0 4
38 0 4
39 0 4
40 0 4
41 0 4
42 0 4
43 0 4
44 0 4
45 0 4
46 0 4
47 0 4
48 0 4
49 0 4
50 0 4
51 0 4
52 0 4
53 0 4
54 0 4
55 0 4
56 0 4
57 0 4
58 0 4
59 0 4
60 0 4
61 0 4
62 0 4
63 0 4
-25 1 4
-24 1 4
-23 1 4
-22 1 4
-21 1 4
-20 1 4
-19 1 4
-18 1 4
-17 1 4
-16 1 4
-15 1 4
-14 1 4
-13 1 4
-12 1 4
-11 1 4
-10 1 4
-9 1 4
-8 1 4
-7 1 4
-6 1 4
-5 1 4
-4 1 4
-3 1 4
-2 1 4
-1 1 4
0 1 4
1 1 4
2 1 4
3 1 4
4 1 4
5 1 4
6 1 4
7 1 4
8 1 4
9 1 4
10 1 4
11 1 2
12 1 2
13 1 2
14 1 2
15 1 2
16 1 2
17 1 2
18 1 2
19 1 2
20 1 2
21 1 2
22 1 2
23 1 2
24 1 2
25 1 2
26 1 2
27 1 4
28 1 4
29 1 4
30 1 4
31 1 4
32 1 4
33 1 4
34 1 4
35 1 4
36 1 4
37 1 4
38 1 4
39 1 4
40 1 4
41 1 4
42 1 4
43 1 4
44 1 4
45 1 4
46 1 4
47 1 4
48 1 4
49 1 4
50 1 4
51 1 4
52 1 4
53 1 4
54 1 4
55 1 4
56 1 4
57 1 4
58 1 4
59 1 4
60 1 4
61 1 4
62 1 4
63 1 4
-25 2 4
-24 2 4
-23 2 4
-22 2 4
-21 2 4
-20 2 4
-19 2 4
-18 2 4
-17 2 4
-16 2 4
-15 2 4
-14 2 4
-13 2 4
-12 2 4
-11 2 4
-10 2 4
-9 2 4
-8 2 4
-7 2 4
-6 2 4
-5 2 4
-4 2 4
-3 2 4
-2 2 4
-1 2 4
0 2 4
1 2 4
2 2 4
3 2 4
4 2 4
5 2 4
6 2 4
7 2 4
8 2 4
9 2 4
10 2 4
11 2 2
12 2 2
13 2 2
14 2 2
15 2 2
16 2 2
17 2 2
18 2 2
19 2 2
20 2 2
21 2 2
22 2 2
23 2 2
24 2 2
25 2 2
26 2 2
27 2 4
28 2 4
29 2 4
30 2 4
31 2 4
32 2 4
33 2 4
34 2 4
35 2 4
36 2 4
37 2 4
38 2 4
39 2 4
40 2 4
41 2 4
42 2 4
43 2 4
44 2 4
45 2 4
46 2 4
47 2 4
48 2 4
49 2 4
50 2 4
51 2 4
52 2 4
53 2 4
54 2 4
55 2 4
56 2 4
57 2 4
58 2 4
59 2 4
60 2 4
61 2 4
62 2 4
63 2 4
-25 3 4
-24 3 4
-23 3 4
-22 3 4
-21 3 4
-20 3 4
-19 3 4
-18 3 4
-17 3 4
-16 3 4
-15 3 4
-14 3 4
-13 3 4
-12 3 4
-11 3 4
-10 3 4
-9 3 4
-8 3 4
-7 3 4
-6 3 4
-5 3 4
-4 3 4
-3 3 4
-2 3 4
-1 3 4
0 3 4
1 3 4
2 3 4
3 3 4
4 3 4
5 3 4
6 3 4
7 3 4
8 3 4
9 3 4
10 3 4
11 3 4
12 3 2
13 3 2
14 3 2
15 3 2
16 3 2
17 3 2
18 3 2
19 3 2
20 3 2
21 3 2
22 3 2
23 3 2
24 3 2
25 3 2
26 3 2
27 3 2
28 3 4
29 3 4
30 3 4
31 3 4
32 3 4
33 3 4
34 3 4
35 3 4
36 3 4
37 3 4
38 3 4
39 3 4
40 3 4
41 3 4
42 3 4
43 3 4
44 3 4
45 3 4
46 3 4
47 3 4
48 3 4
49 3 4
50 3 4
51 3 4
52 3 4
53 3 4
54 3 4
55 3 4
56 3 4
57 3 4
58 3 4
59 3 4
60 3 4
61 3 4
62 3 4
63 3 4
-25 4 4
-24 4 4
-23 4 4
-22 4 4
-21 4 4
-20 4 4
-19 4 4
-18 4 4
-17 4 4
-16 4 4
-15 4 4
-14 4 4
-13 4 4
-12 4 4
-11 4 4
-10 4 4
-9 4 4
-8 4 4
-7 4 4
-6 4 4
-5 4 4
-4 4 4
-3 4 4
-2 4 4
-1 4 4
0 4 4
1 4 4
2 4 4
3 4 4
4 4 4
5 4 4
6 4 4
7 4 4
8 4 4
9 4 4
10 4 4
11 4 4
12 4 2
13 4 2
14 4 2
15 4 2
16 4 2
17 4 2
18 4 2
19 4 2
20 4 2
21 4 2
22 4 2
23 4 2
24 4 2
25 4 2
26 4 2
27 4 2
28 4 2
29 4 4
30 4 4
31 4 4
32 4 4
33 4 4
34 4 4
35 4 4
36 4 4
37 4 4
38 4 4
39 4 4
40 4 4
41 4 4
42 4 4
43 4 4
44 4 4
45 4 4
46 4 4
47 4 4
48 4 4
49 4 4
50 4 4
51 4 4
52 4 4
53 4 4
54 4 4
55 4 4
56 4 4
57 4 4
58 4 4
59 4 4
60 4 4
61 4 4
62 4 4
63 4 4
-25 5 4
-24 5 4
-23 5 4
-22 5 4
-21 5 4
-20 5 4
-19 5 4
-18 5 4
-17 5 4
-16 5 4
-15 5 4
-14 5 4
-13 5 4
-12 5 4
-11 5 4
-10 5 4
-9 5 4
-8 5 4
-7 5 4
-6 5 3
-5 5 3
-4 5 3
-3 5 3
-2 5 3
-1 5 3
0 5 4
1 5 4
2 5 4
3 5 4
4 5 4
5 5 4
6 5 4
7 5 4
8 5 4
9 5 4
10 5 4
11 5 4
12 5 4
13 5 4
14 5 4
15 5 4
16 5 4
17 5 4
18 5 4
19 5 2
20 5 2
21 5 2
22 5 2
23 5 2
24 5 2
25 5 2
26 5 2
27 5 2
28 5 4
29 5 4
30 5 4
31 5 4
32 5 4
33 5 4
34 5 4
35 5 4
36 5 4
37 5 4
38 5 4
39 5 4
40 5 4
41 5 4
42 5 4
43 5 4
44 5 4
45 5 4
46 5 4
47 5 4
48 5 4
49 5 4
50 5 4
51 5 4
52 5 4
53 5 4
54 5 4
55 5 4
56 5 4
57 5 4
58 5 4
59 5 4
60 5 4
61 5 4
62 5 4
63 5 4
-25 6 4
-24 6 4
-23 6 4
-22 6 4
-21 6 4
-20 6 4
-19 6 4
-18 6 4
-17 6 4
-16 6 4
-15 6 4
-14 6 4
-13 6 4
-12 6 4
-11 6 4
-10 6 4
-9 6 4
-8 6 4
-7 6 3
-6 6 3
-5 6 3
-4 6 3
-3 6 3
-2 6 3
-1 6 3
0 6 3
1 6 4
2 6 4
3 6 4
4 6 4
5 6 4
6 6 4
7 6 4
8 6 4
9 6 4
10 6 4
11 6 4
12 6 4
13 6 4
14 6 4
15 6 4
16 6 4
17 6 4
18 6 4
19 6 4
20 6 4
21 6 2
22 6 2
23 6 2
24 6 2
25 6 2
26 6 2
27 6 2
28 6 4
29 6 4
30 6 4
31 6 4
32 6 4
33 6 4
34 6 4
35 6 4
36 6 4
37 6 4
38 6 4
39 6 4
40 6 4
41 6 4
42 6 4
43 6 4
44 6 4
45 6 4
46 6 4
47 6 4
48 6 4
49 6 4
50 6 4
51 6 4
52 6 4
53 6 4
54 6 4
55 6 4
56 6 4
57 6 4
58 6 4
59 6 4
60 6 4
61 6 4
62 6 4
63 6 4
-25 7 4
-24 7 4
-23 7 4
-22 7 4
-21 7 4
-20 7 4
-19 7 4
-18 7 4
-17 7 4
-16 7 4
-15 7 4
-14 7 4
-13 7 4
-12 7 4
-11 7 4
-10 7 4
-9 7 3
-8 7 3
-7 7 3
-6 7 3
-5 7 3
-4 7 3
-3 7 3
-2 7 3
-1 7 3
0 7 3
1 7 3
2 7 4
3 7 4
4 7 4
5 7 4
6 7 4
7 7 4
8 7 4
9 7 4
10 7 4
11 7 4
12 7 4
13 7 4
14 7 4
15 7 4
16 7 4
17 7 4
18 7 4
19 7 4
20 7 4
21 7 4
22 7 2
23 7 2
24 7 2
25 7 2
26 7 2
27 7 4
28 7 4
29 7 4
30 7 4
31 7 4
32 7 4
33 7 4
34 7 4
35 7 4
36 7 4
37 7 4
38 7 4
39 7 4
40 7 4
41 7 4
42 7 4
43 7 4
44 7 4
45 7 4
46 7 4
47 7 4
48 7 4
49 7 4
50 7 4
51 7 4
52 7 4
53 7 4
54 7 4
55 7 4
56 7 4
57 7 4
58 7 4
59 7 4
60 7 4
61 7 4
62 7 4
63 7 4
-25 8 4
-24 8 4
-23 8 4
-22 8 4
-21 8 4
-20 8 4
-19 8 4
-18 8 4
-17 8 4
-16 8 4
-15 8 4
-14 8 4
-13 8 4
-12 8 3
-11 8 3
-10 8 3
-9 8 3
-8 8 3
-7 8 3
-6 8 3
-5 8 3
-4 8 3
-3 8 3
-2 8 3
-1 8 3
0 8 3
1 8 3
2 8 3
3 8 4
4 8 4
5 8 4
6 8 4
7 8 4
8 8 4
9 8 4
10 8 4
11 8 4
12 8 4
13 8 4
14 8 4
15 8 4
16 8 4
17 8 4
18 8 4
19 8 4
20 8 4
21 8 4
22 8 4
23 8 2
24 8 2
25 8 4
26 8 4
27 8 4
28 8 4
29 8 4
30 8 4
31 8 4
32 8 4
33 8 4
34 8 4
35 8 4
36 8 4
37 8 4
38 8 4
39 8 4
40 8 4
41 8 4
42 8 4
43 8 4
44 8 4
45 8 4
46 8 4
47 8 4
48 8 4
49 8 4
50 8 4
51 8 4
52 8 4
53 8 4
54 8 4
55 8 4
56 8 4
57 8 4
58 8 4
59 8 4
60 8 4
61 8 4
62 8 4
63 8 4
-25 9 4
-24 9 4
-23 9 4
-22 9 4
-21 9 4
-20 9 4
-19 9 4
-18 9 4
-17 9 4
-16 9 4
-15 9 4
-14 9 4
-13 9 3
-12 9 3
-11 9 3
-10 9 3
-9 9 3
-8 9 3
-7 9 3
-6 9 3
-5 9 3
-4 9 3
-3 9 3
-2 9 3
-1 9 3
0 9 3
1 9 3
2 9 3
3 9 4
4 9 4
5 9 4
6 9 4
7 9 4
8 9 4
9 9 4
10 9 4
11 9 4
12 9 4
13 9 4
14 9 4
15 9 4
16 9 4
17 9 4
18 9 4
19 9 4
20 9 4
21 9 4
22 9 4
23 9 4
24 9 4
25 9 4
26 9 4
27 9 4
28 9 4
29 9 4
30 9 4
31 9 4
32 9 4
33 9 4
34 9 4
35 9 4
36 9 4
37 9 4
38 9 4
39 9 4
40 9 4
41 9 4
42 9 4
43 9 4
44 9 4
45 9 4
46 9 4
47 9 4
48 9 4
49 9 4
50 9 4
51 9 4
52 9 4
53 9 4
54 9 4
55 9 4
56 9 4
57 9 4
58 9 4
59 9 4
60 9 4
61 9 4
62 9 4
63 9 4
-25 10 4
-24 10 4
-23 10 4
-22 10 4
-21 10 4
-20 10 4
-19 10 4
-18 10 4
-17 10 4
-16 10 4
-15 10 4
-14 10 4
-13 10 3
-12 10 3
-11 10 3
-10 10 3
-9 10 3
-8 10 3
-7 10 3
-6 10 3
-5 10 3
-4 10 3
-3 10 3
-2 10 3
-1 10 3
0 10 3
1 10 3
2 10 3
3 10 3
4 10 4
5 10 4
6 10 4
7 10 4
8 10 4
9 10 4
10 10 4
11 10 4
12 10 4
13 10 4
14 10 4
15 10 4
16 10 4
17 10 4
18 10 4
19 10 4
20 10 4
21 10 4
22 10 4
23 10 4
24 10 4
25 10 4
26 10 4
27 10 4
28 10 4
29 10 4
30 10 4
31 10 4
32 10 4
33 10 4
34 10 4
35 10 4
36 10 4
37 10 4
38 10 4
39 10 4
40 10 4
41 10 4
42 10 4
43 10 4
44 10 4
45 10 4
46 10 4
47 10 4
48 10 4
49 10 4
50 10 4
51 10 4
52 10 4
53 10 4
54 10 4
55 10 4
56 10 4
57 10 4
58 10 4
59 10 4
60 10 4
61 10 4
62 10 4
63 10 4
-25 11 4
-24 11 4
-23 11 4
-22 11 4
-21 11 4
-20 11 4
-19 11 4
-18 11 4
-17 11 4
-16 11 4
-15 11 4
-14 11 4
-13 11 3
-12 11 3
-11 11 3
-10 11 3
-9 11 3
-8 11 3
-7 11 3
-6 11 3
-5 11 3
-4 11 3
-3 11 3
-2 11 3
-1 11 3
0 11 3
1 11 3
2 11 3
3 11 3
4 11 3
5 11 4
6 11 4
7 11 4
8 11 4
9 11 4
10 11 4
11 11 4
12 11 4
13 11 4
14 11 4
15 11 4
16 11 4
17 11 4
18 11 4
19 11 4
20 11 4
21 11 4
22 11 4
23 11 4
24 11 4
25 11 4
26 11 4
27 11 4
28 11 4
29 11 4
30 11 4
31 11 4
32 11 4
33 11 4
34 11 4
35 11 4
36 11 4
37 11 4
38 11 4
39 11 4
40 11 4
41 11 4
42 11 4
43 11 4
44 11 4
45 11 4
46 11 4
47 11 4
48 11 4
49 11 4
50 11 4
51 11 4
52 11 4
53 11 4
54 11 4
55 11 4
56 11 4
57 11 4
58 11 4
59 11 4
60 11 4
61 11 4
62 11 4
63 11 4
-25 12 4
-24 12 4
-23 12 4
-22 12 4
-21 12 4
-20 12 4
-19 12 4
-18 12 4
-17 12 4
-16 12 4
-15 12 4
-14 12 4
-13 12 3
-12 12 3
-11 12 3
-10 12 3
-9 12 3
-8 12 3
-7 12 3
-6 12 3
-5 12 3
-4 12 3
-3 12 3
-2 12 3
-1 12 3
0 12 3
1 12 3
2 12 3
3 12 3
4 12 3
5 12 4
6 12 4
7 12 4
8 12 4
9 12 4
10 12 4
11 12 4
12 12 4
13 12 4
14 12 4
15 12 4
16 12 4
17 12 4
18 12 4
19 12 4
20 12 4
21 12 4
22 12 4
23 12 4
24 12 4
25 12 4
26 12 4
27 12 4
28 12 4
29 12 4
30 12 4
31 12 4
32 12 4
33 12 4
34 12 4
35 12 4
36 12 4
37 12 4
38 12 4
39 12 4
40 12 4
41 12 4
42 12 4
43 12 4
44 12 4
45 12 4
46 12 4
47 12 4
48 12 4
49 12 4
50 12 4
51 12 4
52 12 4
53 12 4
54 12 4
55 12 4
56 12 4
57 12 4
58 12 4
59 12 4
60 12 4
61 12 4
62 12 4
63 12 4
-25 13 4
-24 13 4
-23 13 4
-22 13 4
-21 13 4
-20 13 4
-19 13 4
-18 13 4
-17 13 4
-16 13 4
-15 13 4
-14 13 4
-13 13 4
-12 13 3
-11 13 3
-10 13 3
-9 13 3
-8 13 3
-7 13 3
-6 13 3
-5 13 3
-4 13 3
-3 13 3
-2 13 3
-1 13 3
0 13 3
1 13 3
2 13 3
3 13 3
4 13 3
5 13 3
6 13 4
7 13 4
8 13 4
9 13 4
10 13 4
11 13 4
12 13 4
13 13 4
14 13 4
15 13 4
16 13 4
17 13 4
18 13 4
19 13 4
20 13 4
21 13 4
22 13 4
23 13 4
24 13 4
25 13 4
26 13 4
27 13 4
28 13 4
29 13 4
30 13 4
31 13 4
32 13 4
33 13 4
34 13 4
35 13 4
36 13 4
37 13 4
38 13 4
39 13 4
40 13 4
41 13 4
42 13 4
43 13 4
44 13 4
45 13 4
46 13 4
47 13 4
48 13 4
49 13 4
50 13 4
51 13 4
52 13 4
53 13 4
54 13 4
55 13 4
56 13 4
57 13 4
58 13 4
59 13 4
60 13 4
61 13 4
62 13 4
63 13 4
-25 14 4
-24 14 4
-23 14 4
-22 14 4
-21 14 4
-20 14 4
-19 14 4
-18 14 4
-17 14 4
-16 14 4
-15 14 4
-14 14 4
-13 14 4
-12 14 3
-11 14 3
-10 14 3
-9 14 3
-8 14 3
-7 14 3
-6 14 3
-5 14 3
-4 14 3
-3 14 3
-2 14 3
-1 14 3
0 14 3
1 14 3
2 14 3
3 14 3
4 14 3
5 14 3
6 14 4
7 14 4
8 14 4
9 14 4
10 14 4
11 14 4
12 14 4
13 14 4
14 14 4
15 14 4
16 14 4
17 14 4
18 14 4
19 14 4
20 14 4
21 14 4
22 14 4
23 14 4
24 14 4
25 14 4
26 14 4
27 14 4
28 14 4
29 14 4
30 14 4
31 14 4
32 14 4
33 14 4
34 14 4
35 14 4
36 14 4
37 14 4
38 14 4
39 14 4
40 14 4
41 14 4
42 14 4
43 14 4
44 14 4
45 14 4
46 14 4
47 14 4
48 14 4
49 14 4
50 14 4
51 14 4
52 14 4
53 14 4
54 14 4
55 14 4
56 14 4
57 14 4
58 14 4
59 14 4
60 14 4
61 14 4
62 14 4
63 14 4
-25 15 4
-24 15 4
-23 15 4
-22 15 4
-21 15 4
-20 15 4
-19 15 4
-18 15 4
-17 15 4
-16 15 4
-15 15 4
-14 15 4
-13 15 3
-12 15 3
-11 15 3
-10 15 3
-9 15 3
-8 15 3
-7 15 3
-6 15 3
-5 15 3
-4 15 3
-3 15 3
-2 15 3
-1 15 3
0 15 3
1 15 3
2 15 3
3 15 3
4 15 3
5 15 3
6 15 4
7 15 4
8 15 4
9 15 4
10 15 4
11 15 4
12 15 4
13 15 4
14 15 4
15 15 4
16 15 4
17 15 4
18 15 4
19 15 4
20 15 4
21 15 4
22 15 4
23 15 4
24 15 4
25 15 4
26 15 4
27 15 4
28 15 4
29 15 4
30 15 4
31 15 4
32 15 4
33 15 4
34 15 4
35 15 4
36 15 4
37 15 4
38 15 4
39 15 4
40 15 4
41 15 4
42 15 4
43 15 4
44 15 4
45 15 4
46 15 4
47 15 4
48 15 4
49 15 4
50 15 4
51 15 4
52 15 4
53 15 4
54 15 4
55 15 4
56 15 4
57 15 4
58 15 4
59 15 4
60 15 4
61 15 4
62 15 4
63 15 4
-25 16 4
-24 16 4
-23 16 4
-22 16 4
-21 16 4
-20 16 4
-19 16 4
-18 16 4
-17 16 4
-16 16 4
-15 16 3
-14 16 3
-13 16 3
-12 16 3
-11 16 3
-10 16 3
-9 16 3
-8 16 3
-7 16 3
-6 16 3
-5 16 3
-4 16 3
-3 16 3
-2 16 4
-1 16 4
0 16 3
1 16 3
2 16 3
3 16 3
4 16 3
5 16 4
6 16 4
7 16 4
8 16 4
9 16 4
10 16 4
11 16 4
12 16 4
13 16 4
14 16 4
15 16 4
16 16 4
17 16 4
18 16 4
19 16 4
20 16 4
21 16 4
22 16 4
23 16 4
24 16 4
25 16 4
26 16 4
27 16 4
28 16 4
29 16 4
30 16 4
31 16 4
32 16 4
33 16 4
34 16 4
35 16 4
36 16 4
37 16 4
38 16 4
39 16 4
40 16 4
41 16 4
42 16 4
43 16 4
44 16 4
45 16 4
46 16 4
47 16 4
48 16 4
49 16 4
50 16 4
51 16 4
52 16 4
53 16 4
54 16 4
55 16 4
56 16 4
57 16 4
58 16 4
59 16 4
60 16 4
61 16 4
62 16 4
63 16 4
-25 17 4
-24 17 4
-23 17 4
-22 17 4
-21 17 4
-20 17 4
-19 17 4
-18 17 4
-17 17 4
-16 17 3
-15 17 3
-14 17 3
-13 17 3
-12 17 3
-11 17 3
-10 17 3
-9 17 3
-8 17 3
-7 17 3
-6 17 3
-5 17 3
-4 17 3
-3 17 3
-2 17 4
-1 17 4
0 17 4
1 17 3
2 17 3
3 17 3
4 17 4
5 17 4
6 17 4
7 17 4
8 17 4
9 17 4
10 17 4
11 17 4
12 17 4
13 17 4
14 17 4
15 17 4
16 17 4
17 17 4
18 17 4
19 17 4
20 17 4
21 17 4
22 17 4
23 17 4
24 17 4
25 17 4
26 17 4
27 17 4
28 17 4
29 17 4
30 17 4
31 17 4
32 17 4
33 17 4
34 17 4
35 17 4
36 17 4
37 17 4
38 17 4
39 17 4
40 17 4
41 17 4
42 17 4
43 17 4
44 17 4
45 17 4
46 17 4
47 17 4
48 17 4
49 17 4
50 17 4
51 17 4
52 17 4
53 17 4
54 17 4
55 17 4
56 17 4
57 17 4
58 17 4
59 17 4
60 17 4
61 17 4
62 17 4
63 17 4
-25 18 4
-24 18 4
-23 18 4
-22 18 4
-21 18 4
-20 18 4
-19 18 4
-18 18 4
-17 18 4
-16 18 3
-15 18 3
-14 18 3
-13 18 3
-12 18 3
-11 18 3
-10 18 3
-9 18 3
-8 18 3
-7 18 3
-6 18 3
-5 18 3
-4 18 3
-3 18 3
-2 18 3
-1 18 4
0 18 4
1 18 4
2 18 4
3 18 4
4 18 4
5 18 4
6 18 4
7 18 4
8 18 4
9 18 4
10 18 4
11 18 4
12 18 4
13 18 4
14 18 4
15 18 4
16 18 4
17 18 4
18 18 4
19 18 4
20 18 4
21 18 4
22 18 4
23 18 4
24 18 4
25 18 4
26 18 4
27 18 4
28 18 4
29 18 4
30 18 4
31 18 4
32 18 4
33 18 4
34 18 4
35 18 4
36 18 4
37 18 4
38 18 4
39 18 4
40 18 4
41 18 4
42 18 4
43 18 4
44 18 4
45 18 4
46 18 4
47 18 4
48 18 4
49 18 4
50 18 4
51 18 4
52 18 4
53 18 4
54 18 4
55 18 4
56 18 4
57 18 4
58 18 4
59 18 4
60 18 4
61 18 4
62 18 4
63 18 4
-25 19 4
-24 19 4
-23 19 4
-22 19 4
-21 19 4
-20 19 4
-19 19 4
-18 19 4
-17 19 4
-16 19 3
-15 19 3
-14 19 3
-13 19 3
-12 19 3
-11 19 3
-10 19 3
-9 19 3
-8 19 3
-7 19 3
-6 19 3
-5 19 3
-4 19 3
-3 19 3
-2 19 3
-1 19 4
0 19 4
1 19 4
2 19 4
3 19 4
4 19 4
5 19 4
6 19 4
7 19 4
8 19 4
9 19 4
10 19 4
11 19 4
12 19 4
13 19 4
14 19 4
15 19 4
16 19 4
17 19 4
18 19 4
19 19 4
20 19 4
21 19 4
22 19 4
23 19 4
24 19 4
25 19 4
26 19 4
27 19 4
28 19 4
29 19 4
30 19 4
31 19 4
32 19 4
33 19 4
34 19 4
35 19 4
36 19 4
37 19 4
38 19 4
39 19 4
40 19 4
41 19 4
42 19 4
43 19 4
44 19 4
45 19 4
46 19 4
47 19 4
48 19 4
49 19 4
50 19 4
51 19 4
52 19 4
53 19 4
54 19 4
55 19 4
56 19 4
57 19 4
58 19 4
59 19 4
60 19 4
61 19 4
62 19 4
63 19 4
-25 20 4
-24 20 4
-23 20 4
-22 20 4
-21 20 4
-20 20 4
-19 20 4
-18 20 4
-17 20 4
-16 20 4
-15 20 3
-14 20 3
-13 20 3
-12 20 3
-11 20 3
-10 20 3
-9 20 3
-8 20 3
-7 20 3
-6 20 3
-5 20 3
-4 20 3
-3 20 3
-2 20 3
-1 20 3
0 20 4
1 20 4
2 20 4
3 20 4
4 20 4
5 20 4
6 20 4
7 20 4
8 20 4
9 20 4
10 20 4
11 20 4
12 20 4
13 20 4
14 20 4
15 20 4
16 20 4
17 20 4
18 20 4
19 20 4
20 20 4
21 20 4
22 20 4
23 20 4
24 20 4
25 20 4
26 20 4
27 20 4
28 20 4
29 20 4
30 20 4
31 20 4
32 20 4
33 20 4
34 20 4
35 20 4
36 20 4
37 20 4
38 20 4
39 20 4
40 20 4
41 20 4
42 20 4
43 20 4
44 20 4
45 20 4
46 20 4
47 20 4
48 20 4
49 20 4
50 20 4
51 20 4
52 20 4
53 20 4
54 20 4
55 20 4
56 20 4
57 20 4
58 20 4
59 20 4
60 20 4
61 20 4
62 20 4
63 20 4
-25 21 4
-24 21 4
-23 21 4
-22 21 4
-21 21 4
-20 21 4
-19 21 4
-18 21 4
-17 21 4
-16 21 4
-15 21 3
-14 21 3
-13 21 3
-12 21 3
-11 21 3
-10 21 3
-9 21 3
-8 21 3
-7 21 3
-6 21 3
-5 21 3
-4 21 3
-3 21 3
-2 21 3
-1 21 3
0 21 4
1 21 4
2 21 4
3 21 4
4 21 4
5 21 4
6 21 4
7 21 4
8 21 4
9 21 4
10 21 4
11 21 4
12 21 4
13 21 4
14 21 4
15 21 4
16 21 4
17 21 4
18 21 4
19 21 4
20 21 4
21 21 4
22 21 4
23 21 4
24 21 4
25 21 4
26 21 4
27 21 4
28 21 4
29 21 4
30 21 4
31 21 4
32 21 4
33 21 4
34 21 4
35 21 4
36 21 4
37 21 4
38 21 4
39 21 4
40 21 4
41 21 4
42 21 4
43 21 4
44 21 4
45 21 4
46 21 4
47 21 4
48 21 4
49 21 4
50 21 4
51 21 4
52 21 4
53 21 4
54 21 4
55 21 4
56 21 4
57 21 4
58 21 4
59 21 4
60 21 4
61 21 4
62 21 4
63 21 4
-25 22 4
-24 22 4
-23 22 4
-22 22 4
-21 22 4
-20 22 4
-19 22 4
-18 22 4
-17 22 4
-16 22 4
-15 22 4
-14 22 3
-13 22 3
-12 22 3
-11 22 3
-10 22 3
-9 22 3
-8 22 3
-7 22 3
-6 22 3
-5 22 3
-4 22 3
-3 22 3
-2 22 3
-1 22 3
0 22 4
1 22 4
2 22 4
3 22 4
4 22 4
5 22 4
6 22 4
7 22 4
8 22 4
9 22 4
10 22 4
11 22 4
12 22 4
13 22 4
14 22 4
15 22 4
16 22 4
17 22 4
18 22 4
19 22 4
20 22 4
21 22 4
22 22 4
23 22 4
24 22 4
25 22 4
26 22 4
27 22 4
28 22 4
29 22 4
30 22 4
31 22 4
32 22 4
33 22 4
34 22 4
35 22 4
36 22 4
37 22 4
38 22 4
39 22 4
40 22 4
41 22 4
42 22 4
43 22 4
44 22 4
45 22 4
46 22 4
47 22 4
48 22 4
49 22 4
50 22 4
51 22 4
52 22 4
53 22 4
54 22 4
55 22 4
56 22 4
57 22 4
58 22 4
59 22 4
60 22 4
61 22 4
62 22 4
63 22 4
-25 23 4
-24 23 4
-23 23 4
-22 23 4
-21 23 4
-20 23 4
-19 23 4
-18 23 4
-17 23 4
-16 23 4
-15 23 4
-14 23 3
-13 23 3
-12 23 3
-11 23 3
-10 23 3
-9 23 3
-8 23 3
-7 23 3
-6 23 3
-5 23 3
-4 23 3
-3 23 3
-2 23 3
-1 23 3
0 23 3
1 23 4
2 23 4
3 23 4
4 23 4
5 23 4
6 23 4
7 23 4
8 23 4
9 23 4
10 23 4
11 23 4
12 23 4
13 23 4
14 23 4
15 23 4
16 23 4
17 23 4
18 23 4
19 23 4
20 23 4
21 23 4
22 23 4
23 23 4
24 23 4
25 23 4
26 23 4
27 23 4
28 23 4
29 23 4
30 23 4
31 23 4
32 23 4
33 23 4
34 23 4
35 23 4
36 23 4
37 23 4
38 23 4
39 23 4
40 23 4
41 23 4
42 23 4
43 23 4
44 23 4
45 23 4
46 23 4
47 23 4
48 23 4
49 23 4
50 23 4
51 23 4
52 23 4
53 23 4
54 23 4
55 23 4
56 23 4
57 23 4
58 23 4
59 23 4
60 23 4
61 23 4
62 23 4
63 23 4
-25 24 4
-24 24 4
-23 24 4
-22 24 4
-21 24 4
-20 24 4
-19 24 4
-18 24 4
-17 24 4
-16 24 4
-15 24 4
-14 24 4
-13 24 3
-12 24 3
-11 24 3
-10 24 3
-9 24 3
-8 24 3
-7 24 3
-6 24 3
-5 24 3
-4 24 3
-3 24 3
-2 24 3
-1 24 3
0 24 3
1 24 4
2 24 4
3 24 4
4 24 4
5 24 4
6 24 4
7 24 4
8 24 4
9 24 4
10 24 4
11 24 4
12 24 4
13 24 4
14 24 4
15 24 4
16 24 4
17 24 4
18 24 4
19 24 4
20 24 4
21 24 4
22 24 4
23 24 4
24 24 4
25 24 4
26 24 4
27 24 4
28 24 4
29 24 4
30 24 4
31 24 4
32 24 4
33 24 4
34 24 4
35 24 4
36 24 4
37 24 4
38 24 4
39 24 4
40 24 4
41 24 4
42 24 4
43 24 4
44 24 4
45 24 4
46 24 4
47 24 4
48 24 4
49 24 4
50 24 4
51 24 4
52 24 4
53 24 4
54 24 4
55 24 4
56 24 4
57 24 4
58 24 4
59 24 4
60 24 4
61 24 4
62 24 4
63 24 4
-25 25 4
-24 25 4
-23 25 4
-22 25 4
-21 25 4
-20 25 4
-19 25 4
-18 25 4
-17 25 4
-16 25 4
-15 25 4
-14 25 4
-13 25 4
-12 25 3
-11 25 3
-10 25 3
-9 25 3
-8 25 3
-7 25 3
-6 25 3
-5 25 3
-4 25 3
-3 25 3
-2 25 3
-1 25 3
0 25 3
1 25 3
2 25 4
3 25 4
4 25 4
5 25 4
6 25 4
7 25 4
8 25 4
9 25 4
10 25 4
11 25 4
12 25 4
13 25 4
14 25 4
15 25 4
16 25 4
17 25 4
18 25 4
19 25 4
20 25 4
21 25 4
22 25 4
23 25 4
24 25 4
25 25 4
26 25 4
27 25 4
28 25 4
29 25 4
30 25 4
31 25 4
32 25 4
33 25 4
34 25 4
35 25 4
36 25 4
37 25 4
38 25 4
39 25 4
40 25 4
41 25 4
42 25 4
43 25 4
44 25 4
45 25 4
46 25 4
47 25 4
48 25 4
49 25 4
50 25 4
51 25 4
52 25 4
53 25 4
54 25 4
55 25 4
56 25 4
57 25 4
58 25 4
59 25 4
60 25 4
61 25 4
62 25 4
63 25 4
-25 26 4
-24 26 4
-23 26 4
-22 26 4
-21 26 4
-20 26 4
-19 26 4
-18 26 4
-17 26 4
-16 26 4
-15 26 4
-14 26 4
-13 26 4
-12 26 4
-11 26 3
-10 26 3
-9 26 3
-8 26 3
-7 26 3
-6 26 3
-5 26 3
-4 26 3
-3 26 3
-2 26 3
-1 26 3
0 26 3
1 26 3
2 26 4
3 26 4
4 26 4
5 26 4
6 26 4
7 26 4
8 26 4
9 26 4
10 26 4
11 26 4
12 26 4
13 26 4
14 26 4
15 26 4
16 26 4
17 26 4
18 26 4
19 26 4
20 26 4
21 26 4
22 26 4
23 26 4
24 26 4
25 26 4
26 26 4
27 26 4
28 26 4
29 26 4
30 26 4
31 26 4
32 26 4
33 26 4
34 26 4
35 26 4
36 26 4
37 26 4
38 26 4
39 26 4
40 26 4
41 26 4
42 26 4
43 26 4
44 26 4
45 26 4
46 26 4
47 26 4
48 26 4
49 26 4
50 26 4
51 26 4
52 26 4
53 26 4
54 26 4
55 26 4
56 26 4
57 26 4
58 26 4
59 26 4
60 26 4
61 26 4
62 26 4
63 26 4
-25 27 4
-24 27 4
-23 27 4
-22 27 4
-21 27 4
-20 27 4
-19 27 4
-18 27 4
-17 27 4
-16 27 4
-15 27 4
-14 27 4
-13 27 4
-12 27 4
-11 27 4
-10 27 3
-9 27 3
-8 27 3
-7 27 3
-6 27 3
-5 27 3
-4 27 3
-3 27 3
-2 27 3
-1 27 3
0 27 3
1 27 3
2 27 3
3 27 4
4 27 4
5 27 4
6 27 4
7 27 4
8 27 4
9 27 4
10 27 4
11 27 4
12 27 4
13 27 4
14 27 4
15 27 4
16 27 4
17 27 4
18 27 4
19 27 4
20 27 4
21 27 4
22 27 4
23 27 4
24 27 4
25 27 4
26 27 4
27 27 4
28 27 4
29 27 4
30 27 4
31 27 4
32 27 4
33 27 4
34 27 4
35 27 4
36 27 4
37 27 4
38 27 4
39 27 4
40 27 4
41 27 4
42 27 4
43 27 4
44 27 4
45 27 4
46 27 4
47 27 4
48 27 4
49 27 4
50 27 4
51 27 4
52 27 4
53 27 4
54 27 4
55 27 4
56 27 4
57 27 4
58 27 4
59 27 4
60 27 4
61 27 4
62 27 4
63 27 4
-25 28 4
-24 28 4
-23 28 4
-22 28 4
-21 28 4
-20 28 4
-19 28 4
-18 28 4
-17 28 4
-16 28 4
-15 28 4
-14 28 4
-13 28 4
-12 28 4
-11 28 4
-10 28 4
-9 28 4
-8 28 3
-7 28 3
-6 28 3
-5 28 3
-4 28 3
-3 28 3
-2 28 3
-1 28 3
0 28 3
1 28 3
2 28 3
3 28 3
4 28 4
5 28 4
6 28 4
7 28 4
8 28 4
9 28 4
10 28 4
11 28 4
12 28 4
13 28 4
14 28 4
15 28 4
16 28 4
17 28 4
18 28 4
19 28 4
20 28 4
21 28 4
22 28 4
23 28 4
24 28 4
25 28 4
26 28 4
27 28 4
28 28 4
29 28 4
30 28 4
31 28 4
32 28 4
33 28 4
34 28 4
35 28 4
36 28 4
37 28 4
38 28 4
39 28 4
40 28 4
41 28 4
42 28 4
43 28 4
44 28 4
45 28 4
46 28 4
47 28 4
48 28 4
49 28 4
50 28 4
51 28 4
52 28 4
53 28 4
54 28 4
55 28 4
56 28 4
57 28 4
58 28 4
59 28 4
60 28 4
61 28 4
62 28 4
63 28 4
-25 29 4
-24 29 4
-23 29 4
-22 29 4
-21 29 4
-20 29 4
-19 29 4
-18 29 4
-17 29 4
-16 29 4
-15 29 4
-14 29 4
-13 29 4
-12 29 4
-11 29 4
-10 29 4
-9 29 4
-8 29 4
-7 29 4
-6 29 4
-5 29 4
-4 29 3
-3 29 3
-2 29 3
-1 29 3
0 29 3
1 29 3
2 29 3
3 29 3
4 29 3
5 29 4
6 29 4
7 29 4
8 29 4
9 29 4
10 29 4
11 29 4
12 29 4
13 29 4
14 29 4
15 29 4
16 29 4
17 29 4
18 29 4
19 29 4
20 29 4
21 29 4
22 29 4
23 29 4
24 29 4
25 29 4
26 29 4
27 29 4
28 29 4
29 29 4
30 29 4
31 29 4
32 29 4
33 29 4
34 29 4
35 29 4
36 29 4
37 29 4
38 29 4
39 29 4
40 29 4
41 29 4
42 29 4
43 29 4
44 29 4
45 29 4
46 29 4
47 29 4
48 29 4
49 29 4
50 29 4
51 29 4
52 29 4
53 29 4
54 29 4
55 29 4
56 29 4
57 29 4
58 29 4
59 29 4
60 29 4
61 29 4
62 29 4
63 29 4
-25 30 4
-24 30 4
-23 30 4
-22 30 4
-21 30 4
-20 30 4
-19 30 4
-18 30 4
-17 30 4
-16 30 4
-15 30 4
-14 30 4
-13 30 4
-12 30 4
-11 30 4
-10 30 4
-9 30 4
-8 30 4
-7 30 4
-6 30 4
-5 30 4
-4 30 4
-3 30 4
-2 30 3
-1 30 3
0 30 3
1 30 3
2 30 3
3 30 3
4 30 3
5 30 3
6 30 3
7 30 4
8 30 4
9 30 4
10 30 4
11 30 4
12 30 4
13 30 4
14 30 4
15 30 4
16 30 4
17 30 4
18 30 4
19 30 4
20 30 4
21 30 4
22 30 4
23 30 4
24 30 4
25 30 4
26 30 4
27 30 4
28 30 4
29 30 4
30 30 4
31 30 4
32 30 4
33 30 4
34 30 4
35 30 4
36 30 4
37 30 4
38 30 4
39 30 4
40 30 4
41 30 4
42 30 4
43 30 4
44 30 4
45 30 4
46 30 4
47 30 4
48 30 4
49 30 4
50 30 4
51 30 4
52 30 4
53 30 4
54 30 4
55 30 4
56 30 4
57 30 4
58 30 4
59 30 4
60 30 4
61 30 4
62 30 4
63 30 4
-25 31 4
-24 31 4
-23 31 4
-22 31 4
-21 31 4
-20 31 4
-19 31 4
-18 31 4
-17 31 4
-16 31 4
-15 31 4
-14 31 4
-13 31 4
-12 31 4
-11 31 4
-10 31 4
-9 31 4
-8 31 4
-7 31 4
-6 31 4
-5 31 4
-4 31 4
-3 31 4
-2 31 4
-1 31 4
0 31 3
1 31 3
2 31 3
3 31 3
4 31 3
5 31 3
6 31 3
7 31 3
8 31 3
9 31 3
10 31 4
11 31 4
12 31 4
13 31 4
14 31 4
15 31 4
16 31 4
17 31 4
18 31 4
19 31 4
20 31 4
21 31 4
22 31 4
23 31 4
24 31 4
25 31 4
26 31 4
27 31 4
28 31 4
29 31 4
30 31 4
31 31 4
32 31 4
33 31 4
34 31 4
35 31 4
36 31 4
37 31 4
38 31 4
39 31 4
40 31 4
41 31 4
42 31 4
43 31 4
44 31 4
45 31 4
46 31 4
47 31 4
48 31 4
49 31 4
50 31 4
51 31 4
52 31 4
53 31 4
54 31 4
55 31 4
56 31 4
57 31 4
58 31 4
59 31 4
60 31 4
61 31 4
62 31 4
63 31 4
-25 32 4
-24 32 4
-23 32 4
-22 32 4
-21 32 4
-20 32 4
-19 32 4
-18 32 4
-17 32 4
-16 32 4
-15 32 4
-14 32 4
-13 32 4
-12 32 4
-11 32 4
-10 32 4
-9 32 4
-8 32 4
-7 32 4
-6 32 4
-5 32 4
-4 32 4
-3 32 4
-2 32 4
-1 32 4
0 32 4
1 32 4
2 32 4
3 32 4
4 32 3
5 32 3
6 32 3
7 32 3
8 32 3
9 32 3
10 32 4
11 32 4
12 32 4
13 32 4
14 32 4
15 32 4
16 32 4
17 32 4
18 32 4
19 32 4
20 32 4
21 32 4
22 32 4
23 32 4
24 32 4
25 32 4
26 32 4
27 32 4
28 32 4
29 32 4
30 32 4
31 32 4
32 32 4
33 32 4
34 32 4
35 32 4
36 32 4
37 32 4
38 32 4
39 32 4
40 32 4
41 32 4
42 32 4
43 32 4
44 32 4
45 32 4
46 32 4
47 32 4
48 32 4
49 32 4
50 32 4
51 32 4
52 32 4
53 32 4
54 32 4
55 32 4
56 32 4
57 32 4
58 32 4
59 32 4
60 32 4
61 32 4
62 32 4
63 32 4
-25 33 4
-24 33 4
-23 33 4
-22 33 4
-21 33 4
-20 33 4
-19 33 4
-18 33 4
-17 33 4
-16 33 4
-15 33 4
-14 33 4
-13 33 4
-12 33 4
-11 33 4
-10 33 4
-9 33 4
-8 33 4
-7 33 4
-6 33 4
-5 33 4
-4 33 4
-3 33 4
-2 33 4
-1 33 4
0 33 4
1 33 4
2 33 4
3 33 4
4 33 4
5 33 3
6 33 3
7 33 3
8 33 3
9 33 3
10 33 3
11 33 4
12 33 4
13 33 4
14 33 4
15 33 4
16 33 4
17 33 4
18 33 4
19 33 4
20 33 4
21 33 4
22 33 4
23 33 4
24 33 4
25 33 4
26 33 4
27 33 4
28 33 4
29 33 4
30 33 4
31 33 4
32 33 4
33 33 4
34 33 4
35 33 4
36 33 4
37 33 4
38 33 4
39 33 4
40 33 4
41 33 4
42 33 4
43 33 4
44 33 4
45 33 4
46 33 4
47 33 4
48 33 4
49 33 4
50 33 4
51 33 4
52 33 4
53 33 4
54 33 4
55 33 4
56 33 4
57 33 4
58 33 4
59 33 4
60 33 4
61 33 4
62 33 4
63 33 4
-25 34 4
-24 34 4
-23 34 4
-22 34 4
-21 34 4
-20 34 4
-19 34 4
-18 34 4
-17 34 4
-16 34 4
-15 34 4
-14 34 4
-13 34 4
-12 34 4
-11 34 4
-10 34 4
-9 34 4
-8 34 4
-7 34 4
-6 34 4
-5 34 4
-4 34 4
-3 34 4
-2 34 4
-1 34 4
0 34 4
1 34 4
2 34 4
3 34 4
4 34 4
5 34 4
6 34 3
7 34 3
8 34 3
9 34 3
10 34 3
11 34 4
12 34 4
13 34 4
14 34 4
15 34 4
16 34 4
17 34 4
18 34 4
19 34 4
20 34 4
21 34 4
22 34 4
23 34 4
24 34 4
25 34 4
26 34 4
27 34 4
28 34 4
29 34 4
30 34 4
31 34 4
32 34 4
33 34 4
34 34 4
35 34 4
36 34 4
37 34 4
38 34 4
39 34 4
40 34 4
41 34 4
42 34 4
43 34 4
44 34 4
45 34 4
46 34 4
47 34 4
48 34 4
49 34 4
50 34 4
51 34 4
52 34 4
53 34 4
54 34 4
55 34 4
56 34 4
57 34 4
58 34 4
59 34 4
60 34 4
61 34 4
62 34 4
63 34 4
-25 35 4
-24 35 4
-23 35 4
-22 35 4
-21 35 4
-20 35 4
-19 35 4
-18 35 4
-17 35 4
-16 35 4
-15 35 4
-14 35 4
-13 35 4
-12 35 4
-11 35 4
-10 35 4
-9 35 4
-8 35 4
-7 35 4
-6 35 4
-5 35 4
-4 35 4
-3 35 4
-2 35 4
-1 35 4
0 35 4
1 35 4
2 35 4
3 35 4
4 35 4
5 35 4
6 35 4
7 35 3
8 35 3
9 35 3
10 35 4
11 35 4
12 35 4
13 35 4
14 35 4
15 35 4
16 35 4
17 35 4
18 35 4
19 35 4
20 35 4
21 35 4
22 35 4
23 35 4
24 35 4
25 35 4
26 35 4
27 35 4
28 35 4
29 35 4
30 35 4
31 35 4
32 35 4
33 35 4
34 35 4
35 35 4
36 35 4
37 35 4
38 35 4
39 35 4
40 35 4
41 35 4
42 35 4
43 35 4
44 35 4
45 35 4
46 35 4
47 35 4
48 35 4
49 35 4
50 35 4
51 35 4
52 35 4
53 35 4
54 35 4
55 35 4
56 35 4
57 35 4
58 35 4
59 35 4
60 35 4
61 35 4
62 35 4
63 35 4
-25 36 4
-24 36 4
-23 36 4
-22 36 4
-21 36 4
-20 36 4
-19 36 4
-18 36 4
-17 36 4
-16 36 4
-15 36 4
-14 36 4
-13 36 4
-12 36 4
-11 36 4
-10 36 4
-9 36 4
-8 36 4
-7 36 4
-6 36 4
-5 36 4
-4 36 4
-3 36 4
-2 36 4
-1 36 4
0 36 4
1 36 4
2 36 4
3 36 4
4 36 4
5 36 4
6 36 4
7 36 4
8 36 4
9 36 4
10 36 4
11 36 4
12 36 4
13 36 4
14 36 4
15 36 4
16 36 4
17 36 4
18 36 4
19 36 4
20 36 4
21 36 4
22 36 4
23 36 4
24 36 4
25 36 4
26 36 4
27 36 4
28 36 4
29 36 4
30 36 4
31 36 4
32 36 4
33 36 4
34 36 4
35 36 4
36 36 4
37 36 4
38 36 4
39 36 4
40 36 4
41 36 4
42 36 4
43 36 4
44 36 4
45 36 4
46 36 4
47 36 4
48 36 4
49 36 4
50 36 4
51 36 4
52 36 4
53 36 4
54 36 4
55 36 4
56 36 4
57 36 4
58 36 4
59 36 4
60 36 4
61 36 4
62 36 4
63 36 4
-25 37 4
-24 37 4
-23 37 4
-22 37 4
-21 37 4
-20 37 4
-19 37 4
-18 37 4
-17 37 4
-16 37 4
-15 37 4
-14 37 4
-13 37 4
-12 37 4
-11 37 4
-10 37 4
-9 37 4
-8 37 4
-7 37 4
-6 37 4
-5 37 4
-4 37 4
-3 37 4
-2 37 4
-1 37 4
0 37 4
1 37 4
2 37 4
3 37 4
4 37 4
5 37 4
6 37 4
7 37 4
8 37 4
9 37 4
10 37 4
11 37 4
12 37 4
13 37 4
14 37 4
15 37 4
16 37 4
17 37 4
18 37 4
19 37 4
20 37 4
21 37 4
22 37 4
23 37 4
24 37 4
25 37 4
26 37 4
27 37 4
28 37 4
29 37 4
30 37 4
31 37 4
32 37 4
33 37 4
34 37 4
35 37 4
36 37 4
37 37 4
38 37 4
39 37 4
40 37 4
41 37 4
42 37 4
43 37 4
44 37 4
45 37 4
46 37 4
47 37 4
48 37 4
49 37 4
50 37 4
51 37 4
52 37 4
53 37 4
54 37 4
55 37 4
56 37 4
57 37 4
58 37 4
59 37 4
60 37 4
61 37 4
62 37 4
63 37 4
-25 38 4
-24 38 4
-23 38 4
-22 38 4
-21 38 4
-20 38 4
-19 38 4
-18 38 4
-17 38 4
-16 38 4
-15 38 4
-14 38 4
-13 38 4
-12 38 4
-11 38 4
-10 38 4
-9 38 4
-8 38 4
-7 38 4
-6 38 4
-5 38 4
-4 38 4
-3 38 4
-2 38 4
-1 38 4
0 38 4
1 38 4
2 38 4
3 38 4
4 38 4
5 38 4
6 38 4
7 38 4
8 38 4
9 38 4
10 38 4
11 38 4
12 38 4
13 38 4
14 38 4
15 38 4
16 38 4
17 38 4
18 38 4
19 38 4
20 38 4
21 38 4
22 38 4
23 38 4
24 38 4
25 38 4
26 38 4
27 38 4
28 38 4
29 38 4
30 38 4
31 38 4
32 38 4
33 38 4
34 38 4
35 38 4
36 38 4
37 38 4
38 38 4
39 38 4
40 38 4
41 38 4
42 38 4
43 38 4
44 38 4
45 38 4
46 38 4
47 38 4
48 38 4
49 38 4
50 38 4
51 38 4
52 38 4
53 38 4
54 38 4
55 38 4
56 38 4
57 38 4
58 38 4
59 38 4
60 38 4
61 38 4
62 38 4
63 38 4
-25 39 4
-24 39 4
-23 39 4
-22 39 4
-21 39 4
-20 39 4
-19 39 4
-18 39 4
-17 39 4
-16 39 4
-15 39 4
-14 39 4
-13 39 4
-12 39 4
-11 39 4
-10 39 4
-9 39 4
-8 39 4
-7 39 4
-6 39 4
-5 39 4
-4 39 4
-3 39 4
-2 39 4
-1 39 4
0 39 4
1 39 4
2 39 4
3 39 4
4 39 4
5 39 4
6 39 4
7 39 4
8 39 4
9 39 4
10 39 4
11 39 4
12 39 4
13 39 4
14 39 4
15 39 4
16 39 4
17 39 4
18 39 4
19 39 4
20 39 4
21 39 4
22 39 4
23 39 4
24 39 4
25 39 4
26 39 4
27 39 4
28 39 4
29 39 4
30 39 4
31 39 4
32 39 4
33 39 4
34 39 4
35 39 4
36 39 4
37 39 4
38 39 4
39 39 4
40 39 4
41 39 4
42 39 4
43 39 4
44 39 4
45 39 4
46 39 4
47 39 4
48 39 4
49 39 4
50 39 4
51 39 4
52 39 4
53 39 4
54 39 4
55 39 4
56 39 4
57 39 4
58 39 4
59 39 4
60 39 4
61 39 4
62 39 4
63 39 4
-25 40 4
-24 40 4
-23 40 4
-22 40 4
-21 40 4
-20 40 4
-19 40 4
-18 40 4
-17 40 4
-16 40 4
-15 40 4
-14 40 4
-13 40 4
-12 40 4
-11 40 4
-10 40 4
-9 40 4
-8 40 4
-7 40 4
-6 40 4
-5 40 4
-4 40 4
-3 40 4
-2 40 4
-1 40 4
0 40 4
1 40 4
2 40 4
3 40 4
4 40 4
5 40 4
6 40 4
7 40 4
8 40 4
9 40 4
10 40 4
11 40 4
12 40 4
13 40 4
14 40 4
15 40 4
16 40 4
17 40 4
18 40 4
19 40 4
20 40 4
21 40 4
22 40 4
23 40 4
24 40 4
25 40 4
26 40 4
27 40 4
28 40 4
29 40 4
30 40 4
31 40 4
32 40 4
33 40 4
34 40 4
35 40 4
36 40 4
37 40 4
38 40 4
39 40 4
40 40 4
41 40 4
42 40 4
43 40 4
44 40 4
45 40 4
46 40 4
47 40 4
48 40 4
49 40 4
50 40 4
51 40 4
52 40 4
53 40 4
54 40 4
55 40 4
56 40 4
57 40 4
58 40 4
59 40 4
60 40 4
61 40 4
62 40 4
63 40 4
