-25 -40 5
-24 -40 5
-23 -40 5
-22 -40 5
-21 -40 5
-20 -40 5
-19 -40 4
-18 -40 4
-17 -40 4
-16 -40 4
-15 -40 4
-14 -40 4
-13 -40 4
-12 -40 4
-11 -40 4
-10 -40 5
-9 -40 6
-8 -40 6
-7 -40 6
-6 -40 6
-5 -40 6
-4 -40 6
-3 -40 6
-2 -40 6
-1 -40 6
0 -40 6
1 -40 6
2 -40 6
3 -40 6
4 -40 5
5 -40 5
6 -40 5
7 -40 5
8 -40 5
9 -40 5
10 -40 5
11 -40 5
12 -40 6
13 -40 6
14 -40 6
15 -40 6
16 -40 6
17 -40 6
18 -40 6
19 -40 6
20 -40 5
21 -40 5
22 -40 5
23 -40 5
24 -40 5
25 -40 5
26 -40 5
27 -40 6
28 -40 6
29 -40 6
30 -40 6
31 -40 6
32 -40 6
33 -40 6
34 -40 6
35 -40 6
36 -40 6
37 -40 6
38 -40 5
39 -40 5
40 -40 5
41 -40 5
42 -40 4
43 -40 4
44 -40 4
45 -40 4
46 -40 4
47 -40 4
48 -40 4
49 -40 4
50 -40 4
51 -40 4
52 -40 4
53 -40 4
54 -40 4
55 -40 5
56 -40 5
57 -40 5
58 -40 5
59 -40 5
60 -40 6
61 -40 6
62 -40 6
63 -40 6
-25 -39 5
-24 -39 5
-23 -39 5
-22 -39 5
-21 -39 5
-20 -39 5
-19 -39 5
-18 -39 4
-17 -39 4
-16 -39 4
-15 -39 4
-14 -39 4
-13 -39 4
-12 -39 4
-11 -39 4
-10 -39 5
-9 -39 5
-8 -39 6
-7 -39 6
-6 -39 6
-5 -39 6
-4 -39 6
-3 -39 6
-2 -39 6
-1 -39 6
0 -39 6
1 -39 6
2 -39 6
3 -39 6
4 -39 6
5 -39 5
6 -39 5
7 -39 5
8 -39 5
9 -39 5
10 -39 5
11 -39 5
12 -39 5
13 -39 6
14 -39 6
15 -39 6
16 -39 6
17 -39 6
18 -39 6
19 -39 6
20 -39 6
21 -39 6
22 -39 6
23 -39 6
24 -39 6
25 -39 6
26 -39 6
27 -39 6
28 -39 6
29 -39 6
30 -39 6
31 -39 6
32 -39 6
33 -39 6
34 -39 6
35 -39 6
36 -39 6
37 -39 6
38 -39 5
39 -39 5
40 -39 5
41 -39 5
42 -39 5
43 -39 4
44 -39 4
45 -39 4
46 -39 4
47 -39 4
48 -39 4
49 -39 4
50 -39 4
51 -39 4
52 -39 4
53 -39 4
54 -39 4
55 -39 5
56 -39 5
57 -39 6
58 -39 6
59 -39 6
60 -39 6
61 -39 6
62 -39 6
63 -39 6
-25 -38 5
-24 -38 5
-23 -38 5
-22 -38 5
-21 -38 5
-20 -38 5
-19 -38 4
-18 -38 4
-17 -38 4
-16 -38 4
-15 -38 4
-14 -38 4
-13 -38 4
-12 -38 4
-11 -38 4
-10 -38 5
-9 -38 5
-8 -38 6
-7 -38 6
-6 -38 6
-5 -38 6
-4 -38 6
-3 -38 6
-2 -38 6
-1 -38 6
0 -38 6
1 -38 6
2 -38 6
3 -38 6
4 -38 6
5 -38 5
6 -38 5
7 -38 5
8 -38 5
9 -38 5
10 -38 5
11 -38 5
12 -38 5
13 -38 5
14 -38 6
15 -38 6
16 -38 6
17 -38 6
18 -38 6
19 -38 6
20 -38 6
21 -38 6
22 -38 6
23 -38 6
24 -38 6
25 -38 6
26 -38 6
27 -38 6
28 -38 6
29 -38 6
30 -38 6
31 -38 6
32 -38 6
33 -38 6
34 -38 6
35 -38 6
36 -38 6
37 -38 5
38 -38 5
39 -38 5
40 -38 5
41 -38 5
42 -38 5
43 -38 5
44 -38 5
45 -38 4
46 -38 4
47 -38 4
48 -38 4
49 -38 4
50 -38 4
51 -38 4
52 -38 4
53 -38 4
54 -38 4
55 -38 5
56 -38 5
57 -38 6
58 -38 6
59 -38 6
60 -38 6
61 -38 6
62 -38 6
63 -38 6
-25 -37 5
-24 -37 5
-23 -37 5
-22 -37 5
-21 -37 4
-20 -37 4
-19 -37 4
-18 -37 4
-17 -37 4
-16 -37 4
-15 -37 4
-14 -37 4
-13 -37 4
-12 -37 4
-11 -37 4
-10 -37 5
-9 -37 5
-8 -37 5
-7 -37 5
-6 -37 5
-5 -37 5
-4 -37 5
-3 -37 5
-2 -37 5
-1 -37 6
0 -37 6
1 -37 6
2 -37 6
3 -37 6
4 -37 5
5 -37 5
6 -37 5
7 -37 5
8 -37 5
9 -37 5
10 -37 5
11 -37 5
12 -37 5
13 -37 5
14 -37 5
15 -37 6
16 -37 6
17 -37 6
18 -37 6
19 -37 6
20 -37 6
21 -37 6
22 -37 6
23 -37 6
24 -37 6
25 -37 6
26 -37 6
27 -37 6
28 -37 6
29 -37 6
30 -37 6
31 -37 6
32 -37 6
33 -37 6
34 -37 6
35 -37 6
36 -37 6
37 -37 6
38 -37 5
39 -37 5
40 -37 5
41 -37 5
42 -37 5
43 -37 5
44 -37 5
45 -37 5
46 -37 4
47 -37 4
48 -37 4
49 -37 4
50 -37 4
51 -37 4
52 -37 4
53 -37 4
54 -37 4
55 -37 4
56 -37 5
57 -37 6
58 -37 6
59 -37 6
60 -37 6
61 -37 6
62 -37 6
63 -37 6
-25 -36 5
-24 -36 5
-23 -36 5
-22 -36 4
-21 -36 4
-20 -36 4
-19 -36 4
-18 -36 4
-17 -36 4
-16 -36 4
-15 -36 4
-14 -36 4
-13 -36 4
-12 -36 4
-11 -36 4
-10 -36 5
-9 -36 5
-8 -36 5
-7 -36 5
-6 -36 5
-5 -36 5
-4 -36 5
-3 -36 5
-2 -36 5
-1 -36 5
0 -36 5
1 -36 5
2 -36 5
3 -36 5
4 -36 5
5 -36 5
6 -36 5
7 -36 5
8 -36 5
9 -36 5
10 -36 5
11 -36 5
12 -36 5
13 -36 5
14 -36 5
15 -36 5
16 -36 6
17 -36 6
18 -36 6
19 -36 6
20 -36 6
21 -36 6
22 -36 6
23 -36 6
24 -36 6
25 -36 6
26 -36 6
27 -36 6
28 -36 6
29 -36 6
30 -36 6
31 -36 6
32 -36 6
33 -36 6
34 -36 6
35 -36 6
36 -36 6
37 -36 6
38 -36 6
39 -36 6
40 -36 6
41 -36 6
42 -36 6
43 -36 5
44 -36 5
45 -36 5
46 -36 4
47 -36 4
48 -36 4
49 -36 4
50 -36 4
51 -36 4
52 -36 4
53 -36 4
54 -36 4
55 -36 4
56 -36 4
57 -36 5
58 -36 6
59 -36 6
60 -36 6
61 -36 6
62 -36 6
63 -36 6
-25 -35 5
-24 -35 5
-23 -35 5
-22 -35 4
-21 -35 4
-20 -35 4
-19 -35 4
-18 -35 4
-17 -35 4
-16 -35 4
-15 -35 4
-14 -35 4
-13 -35 4
-12 -35 4
-11 -35 4
-10 -35 4
-9 -35 4
-8 -35 5
-7 -35 5
-6 -35 5
-5 -35 5
-4 -35 5
-3 -35 5
-2 -35 5
-1 -35 5
0 -35 5
1 -35 5
2 -35 5
3 -35 5
4 -35 5
5 -35 5
6 -35 5
7 -35 5
8 -35 5
9 -35 5
10 -35 5
11 -35 5
12 -35 5
13 -35 5
14 -35 5
15 -35 5
16 -35 5
17 -35 6
18 -35 6
19 -35 6
20 -35 6
21 -35 6
22 -35 6
23 -35 6
24 -35 6
25 -35 6
26 -35 6
27 -35 6
28 -35 6
29 -35 6
30 -35 6
31 -35 6
32 -35 6
33 -35 6
34 -35 6
35 -35 6
36 -35 6
37 -35 6
38 -35 6
39 -35 6
40 -35 6
41 -35 6
42 -35 6
43 -35 5
44 -35 5
45 -35 4
46 -35 4
47 -35 4
48 -35 4
49 -35 4
50 -35 4
51 -35 4
52 -35 4
53 -35 4
54 -35 4
55 -35 4
56 -35 4
57 -35 4
58 -35 4
59 -35 6
60 -35 6
61 -35 6
62 -35 6
63 -35 6
-25 -34 5
-24 -34 5
-23 -34 5
-22 -34 5
-21 -34 4
-20 -34 4
-19 -34 4
-18 -34 4
-17 -34 4
-16 -34 4
-15 -34 4
-14 -34 4
-13 -34 4
-12 -34 4
-11 -34 4
-10 -34 4
-9 -34 4
-8 -34 4
-7 -34 4
-6 -34 4
-5 -34 4
-4 -34 5
-3 -34 5
-2 -34 5
-1 -34 5
0 -34 5
1 -34 5
2 -34 5
3 -34 5
4 -34 5
5 -34 5
6 -34 5
7 -34 5
8 -34 5
9 -34 5
10 -34 5
11 -34 5
12 -34 5
13 -34 5
14 -34 5
15 -34 5
16 -34 5
17 -34 5
18 -34 5
19 -34 2
20 -34 2
21 -34 2
22 -34 2
23 -34 2
24 -34 2
25 -34 2
26 -34 6
27 -34 6
28 -34 6
29 -34 6
30 -34 6
31 -34 6
32 -34 6
33 -34 6
34 -34 6
35 -34 6
36 -34 6
37 -34 6
38 -34 6
39 -34 6
40 -34 6
41 -34 6
42 -34 6
43 -34 6
44 -34 5
45 -34 4
46 -34 4
47 -34 4
48 -34 5
49 -34 5
50 -34 5
51 -34 4
52 -34 4
53 -34 4
54 -34 4
55 -34 4
56 -34 4
57 -34 4
58 -34 4
59 -34 4
60 -34 6
61 -34 6
62 -34 6
63 -34 6
-25 -33 5
-24 -33 5
-23 -33 5
-22 -33 5
-21 -33 4
-20 -33 4
-19 -33 4
-18 -33 4
-17 -33 4
-16 -33 4
-15 -33 4
-14 -33 4
-13 -33 4
-12 -33 4
-11 -33 4
-10 -33 4
-9 -33 4
-8 -33 4
-7 -33 4
-6 -33 4
-5 -33 4
-4 -33 4
-3 -33 5
-2 -33 5
-1 -33 5
0 -33 5
1 -33 5
2 -33 5
3 -33 5
4 -33 5
5 -33 5
6 -33 5
7 -33 5
8 -33 5
9 -33 5
10 -33 5
11 -33 5
12 -33 5
13 -33 5
14 -33 5
15 -33 5
16 -33 5
17 -33 5
18 -33 2
19 -33 2
20 -33 2
21 -33 2
22 -33 2
23 -33 2
24 -33 2
25 -33 2
26 -33 2
27 -33 2
28 -33 6
29 -33 6
30 -33 5
31 -33 5
32 -33 6
33 -33 6
34 -33 6
35 -33 6
36 -33 6
37 -33 6
38 -33 6
39 -33 6
40 -33 6
41 -33 6
42 -33 6
43 -33 6
44 -33 5
45 -33 5
46 -33 5
47 -33 5
48 -33 5
49 -33 5
50 -33 5
51 -33 5
52 -33 5
53 -33 4
54 -33 4
55 -33 4
56 -33 4
57 -33 4
58 -33 4
59 -33 4
60 -33 5
61 -33 6
62 -33 6
63 -33 6
-25 -32 5
-24 -32 5
-23 -32 5
-22 -32 5
-21 -32 5
-20 -32 5
-19 -32 4
-18 -32 4
-17 -32 4
-16 -32 4
-15 -32 4
-14 -32 4
-13 -32 4
-12 -32 4
-11 -32 4
-10 -32 4
-9 -32 4
-8 -32 4
-7 -32 4
-6 -32 4
-5 -32 4
-4 -32 4
-3 -32 4
-2 -32 5
-1 -32 5
0 -32 5
1 -32 5
2 -32 5
3 -32 5
4 -32 5
5 -32 5
6 -32 5
7 -32 5
8 -32 5
9 -32 5
10 -32 5
11 -32 5
12 -32 5
13 -32 5
14 -32 5
15 -32 5
16 -32 5
17 -32 5
18 -32 2
19 -32 2
20 -32 2
21 -32 2
22 -32 2
23 -32 2
24 -32 2
25 -32 2
26 -32 2
27 -32 2
28 -32 2
29 -32 2
30 -32 5
31 -32 5
32 -32 5
33 -32 6
34 -32 6
35 -32 6
36 -32 6
37 -32 6
38 -32 6
39 -32 6
40 -32 6
41 -32 6
42 -32 6
43 -32 6
44 -32 5
45 -32 5
46 -32 5
47 -32 5
48 -32 5
49 -32 5
50 -32 5
51 -32 5
52 -32 5
53 -32 5
54 -32 5
55 -32 4
56 -32 4
57 -32 4
58 -32 4
59 -32 4
60 -32 4
61 -32 5
62 -32 5
63 -32 5
-25 -31 5
-24 -31 5
-23 -31 5
-22 -31 5
-21 -31 5
-20 -31 5
-19 -31 5
-18 -31 4
-17 -31 4
-16 -31 4
-15 -31 4
-14 -31 4
-13 -31 4
-12 -31 4
-11 -31 4
-10 -31 4
-9 -31 4
-8 -31 4
-7 -31 4
-6 -31 4
-5 -31 4
-4 -31 4
-3 -31 4
-2 -31 5
-1 -31 5
0 -31 5
1 -31 5
2 -31 5
3 -31 5
4 -31 5
5 -31 5
6 -31 5
7 -31 5
8 -31 5
9 -31 5
10 -31 5
11 -31 5
12 -31 5
13 -31 5
14 -31 5
15 -31 5
16 -31 5
17 -31 2
18 -31 2
19 -31 2
20 -31 2
21 -31 2
22 -31 2
23 -31 2
24 -31 2
25 -31 2
26 -31 2
27 -31 2
28 -31 2
29 -31 2
30 -31 2
31 -31 5
32 -31 5
33 -31 6
34 -31 6
35 -31 6
36 -31 6
37 -31 6
38 -31 6
39 -31 6
40 -31 6
41 -31 6
42 -31 6
43 -31 6
44 -31 6
45 -31 5
46 -31 5
47 -31 5
48 -31 5
49 -31 6
50 -31 6
51 -31 6
52 -31 5
53 -31 5
54 -31 5
55 -31 5
56 -31 5
57 -31 4
58 -31 4
59 -31 4
60 -31 4
61 -31 4
62 -31 4
63 -31 5
-25 -30 5
-24 -30 5
-23 -30 5
-22 -30 5
-21 -30 5
-20 -30 5
-19 -30 5
-18 -30 4
-17 -30 4
-16 -30 4
-15 -30 4
-14 -30 4
-13 -30 4
-12 -30 4
-11 -30 4
-10 -30 4
-9 -30 4
-8 -30 4
-7 -30 4
-6 -30 4
-5 -30 4
-4 -30 4
-3 -30 4
-2 -30 5
-1 -30 5
0 -30 5
1 -30 5
2 -30 5
3 -30 5
4 -30 5
5 -30 5
6 -30 5
7 -30 5
8 -30 5
9 -30 5
10 -30 5
11 -30 5
12 -30 5
13 -30 5
14 -30 5
15 -30 5
16 -30 5
17 -30 3
18 -30 2
19 -30 2
20 -30 2
21 -30 2
22 -30 2
23 -30 2
24 -30 2
25 -30 2
26 -30 2
27 -30 2
28 -30 2
29 -30 2
30 -30 2
31 -30 2
32 -30 6
33 -30 6
34 -30 6
35 -30 6
36 -30 6
37 -30 6
38 -30 6
39 -30 6
40 -30 6
41 -30 6
42 -30 6
43 -30 6
44 -30 6
45 -30 6
46 -30 6
47 -30 6
48 -30 6
49 -30 6
50 -30 6
51 -30 6
52 -30 6
53 -30 5
54 -30 5
55 -30 5
56 -30 5
57 -30 4
58 -30 4
59 -30 4
60 -30 4
61 -30 4
62 -30 4
63 -30 4
-25 -29 5
-24 -29 5
-23 -29 5
-22 -29 5
-21 -29 5
-20 -29 5
-19 -29 5
-18 -29 4
-17 -29 4
-16 -29 4
-15 -29 4
-14 -29 4
-13 -29 4
-12 -29 4
-11 -29 4
-10 -29 4
-9 -29 4
-8 -29 4
-7 -29 4
-6 -29 4
-5 -29 4
-4 -29 4
-3 -29 5
-2 -29 5
-1 -29 5
0 -29 5
1 -29 5
2 -29 5
3 -29 5
4 -29 5
5 -29 5
6 -29 5
7 -29 5
8 -29 5
9 -29 5
10 -29 5
11 -29 5
12 -29 5
13 -29 5
14 -29 5
15 -29 5
16 -29 3
17 -29 3
18 -29 2
19 -29 2
20 -29 2
21 -29 2
22 -29 2
23 -29 2
24 -29 2
25 -29 2
26 -29 2
27 -29 2
28 -29 2
29 -29 2
30 -29 2
31 -29 2
32 -29 2
33 -29 6
34 -29 6
35 -29 6
36 -29 6
37 -29 6
38 -29 6
39 -29 6
40 -29 6
41 -29 6
42 -29 6
43 -29 6
44 -29 6
45 -29 6
46 -29 6
47 -29 6
48 -29 6
49 -29 6
50 -29 6
51 -29 6
52 -29 6
53 -29 6
54 -29 6
55 -29 5
56 -29 5
57 -29 5
58 -29 4
59 -29 4
60 -29 4
61 -29 4
62 -29 4
63 -29 4
-25 -28 5
-24 -28 5
-23 -28 5
-22 -28 5
-21 -28 5
-20 -28 5
-19 -28 5
-18 -28 4
-17 -28 4
-16 -28 4
-15 -28 4
-14 -28 4
-13 -28 4
-12 -28 4
-11 -28 4
-10 -28 4
-9 -28 4
-8 -28 4
-7 -28 4
-6 -28 4
-5 -28 4
-4 -28 5
-3 -28 5
-2 -28 5
-1 -28 5
0 -28 5
1 -28 5
2 -28 5
3 -28 5
4 -28 5
5 -28 5
6 -28 5
7 -28 5
8 -28 5
9 -28 5
10 -28 5
11 -28 5
12 -28 5
13 -28 5
14 -28 5
15 -28 3
16 -28 3
17 -28 3
18 -28 2
19 -28 2
20 -28 2
21 -28 2
22 -28 2
23 -28 1
24 -28 2
25 -28 2
26 -28 2
27 -28 2
28 -28 2
29 -28 2
30 -28 2
31 -28 2
32 -28 2
33 -28 6
34 -28 6
35 -28 6
36 -28 6
37 -28 6
38 -28 6
39 -28 6
40 -28 6
41 -28 6
42 -28 6
43 -28 6
44 -28 6
45 -28 6
46 -28 6
47 -28 6
48 -28 6
49 -28 6
50 -28 6
51 -28 6
52 -28 6
53 -28 6
54 -28 6
55 -28 6
56 -28 5
57 -28 5
58 -28 5
59 -28 4
60 -28 4
61 -28 4
62 -28 4
63 -28 4
-25 -27 5
-24 -27 5
-23 -27 5
-22 -27 5
-21 -27 5
-20 -27 5
-19 -27 5
-18 -27 4
-17 -27 4
-16 -27 4
-15 -27 4
-14 -27 4
-13 -27 4
-12 -27 4
-11 -27 4
-10 -27 4
-9 -27 4
-8 -27 4
-7 -27 4
-6 -27 4
-5 -27 5
-4 -27 5
-3 -27 5
-2 -27 5
-1 -27 5
0 -27 5
1 -27 5
2 -27 5
3 -27 5
4 -27 5
5 -27 5
6 -27 5
7 -27 5
8 -27 5
9 -27 5
10 -27 5
11 -27 5
12 -27 5
13 -27 5
14 -27 5
15 -27 3
16 -27 3
17 -27 3
18 -27 2
19 -27 2
20 -27 2
21 -27 2
22 -27 1
23 -27 1
24 -27 1
25 -27 2
26 -27 2
27 -27 2
28 -27 2
29 -27 2
30 -27 2
31 -27 2
32 -27 2
33 -27 2
34 -27 6
35 -27 6
36 -27 6
37 -27 6
38 -27 5
39 -27 6
40 -27 6
41 -27 6
42 -27 6
43 -27 6
44 -27 6
45 -27 2
46 -27 6
47 -27 6
48 -27 6
49 -27 6
50 -27 6
51 -27 6
52 -27 6
53 -27 6
54 -27 6
55 -27 6
56 -27 5
57 -27 5
58 -27 5
59 -27 5
60 -27 4
61 -27 4
62 -27 4
63 -27 4
-25 -26 5
-24 -26 5
-23 -26 5
-22 -26 5
-21 -26 5
-20 -26 5
-19 -26 5
-18 -26 5
-17 -26 4
-16 -26 4
-15 -26 4
-14 -26 4
-13 -26 4
-12 -26 4
-11 -26 4
-10 -26 4
-9 -26 4
-8 -26 4
-7 -26 5
-6 -26 5
-5 -26 5
-4 -26 5
-3 -26 5
-2 -26 5
-1 -26 5
0 -26 6
1 -26 6
2 -26 6
3 -26 6
4 -26 6
5 -26 5
6 -26 5
7 -26 5
8 -26 5
9 -26 5
10 -26 5
11 -26 6
12 -26 6
13 -26 5
14 -26 5
15 -26 3
16 -26 3
17 -26 2
18 -26 2
19 -26 2
20 -26 2
21 -26 1
22 -26 1
23 -26 1
24 -26 1
25 -26 1
26 -26 1
27 -26 1
28 -26 1
29 -26 1
30 -26 2
31 -26 2
32 -26 2
33 -26 2
34 -26 2
35 -26 6
36 -26 6
37 -26 5
38 -26 5
39 -26 5
40 -26 6
41 -26 6
42 -26 6
43 -26 6
44 -26 6
45 -26 2
46 -26 6
47 -26 6
48 -26 6
49 -26 6
50 -26 6
51 -26 6
52 -26 6
53 -26 6
54 -26 6
55 -26 5
56 -26 5
57 -26 5
58 -26 5
59 -26 5
60 -26 5
61 -26 5
62 -26 4
63 -26 4
-25 -25 6
-24 -25 6
-23 -25 6
-22 -25 6
-21 -25 5
-20 -25 5
-19 -25 5
-18 -25 5
-17 -25 5
-16 -25 4
-15 -25 4
-14 -25 4
-13 -25 4
-12 -25 4
-11 -25 4
-10 -25 4
-9 -25 4
-8 -25 4
-7 -25 5
-6 -25 5
-5 -25 5
-4 -25 5
-3 -25 5
-2 -25 5
-1 -25 6
0 -25 6
1 -25 6
2 -25 6
3 -25 6
4 -25 6
5 -25 6
6 -25 6
7 -25 5
8 -25 5
9 -25 6
10 -25 6
11 -25 6
12 -25 6
13 -25 5
14 -25 5
15 -25 2
16 -25 2
17 -25 2
18 -25 2
19 -25 2
20 -25 1
21 -25 1
22 -25 1
23 -25 1
24 -25 1
25 -25 1
26 -25 1
27 -25 1
28 -25 1
29 -25 1
30 -25 1
31 -25 2
32 -25 2
33 -25 2
34 -25 2
35 -25 2
36 -25 5
37 -25 5
38 -25 5
39 -25 5
40 -25 5
41 -25 6
42 -25 6
43 -25 6
44 -25 6
45 -25 2
46 -25 5
47 -25 5
48 -25 6
49 -25 6
50 -25 6
51 -25 6
52 -25 6
53 -25 6
54 -25 5
55 -25 5
56 -25 5
57 -25 5
58 -25 5
59 -25 5
60 -25 5
61 -25 5
62 -25 4
63 -25 4
-25 -24 6
-24 -24 6
-23 -24 6
-22 -24 6
-21 -24 6
-20 -24 5
-19 -24 5
-18 -24 5
-17 -24 5
-16 -24 4
-15 -24 4
-14 -24 4
-13 -24 4
-12 -24 4
-11 -24 4
-10 -24 4
-9 -24 4
-8 -24 5
-7 -24 5
-6 -24 5
-5 -24 5
-4 -24 5
-3 -24 5
-2 -24 5
-1 -24 6
0 -24 6
1 -24 6
2 -24 6
3 -24 6
4 -24 6
5 -24 6
6 -24 6
7 -24 6
8 -24 6
9 -24 6
10 -24 6
11 -24 6
12 -24 6
13 -24 5
14 -24 5
15 -24 3
16 -24 2
17 -24 2
18 -24 2
19 -24 2
20 -24 1
21 -24 1
22 -24 1
23 -24 1
24 -24 1
25 -24 1
26 -24 1
27 -24 1
28 -24 1
29 -24 1
30 -24 1
31 -24 1
32 -24 2
33 -24 2
34 -24 2
35 -24 2
36 -24 2
37 -24 5
38 -24 5
39 -24 5
40 -24 5
41 -24 5
42 -24 5
43 -24 5
44 -24 5
45 -24 5
46 -24 2
47 -24 2
48 -24 6
49 -24 6
50 -24 6
51 -24 6
52 -24 5
53 -24 5
54 -24 5
55 -24 5
56 -24 5
57 -24 5
58 -24 5
59 -24 5
60 -24 5
61 -24 5
62 -24 4
63 -24 4
-25 -23 6
-24 -23 6
-23 -23 6
-22 -23 6
-21 -23 6
-20 -23 6
-19 -23 5
-18 -23 5
-17 -23 5
-16 -23 4
-15 -23 4
-14 -23 4
-13 -23 4
-12 -23 4
-11 -23 4
-10 -23 4
-9 -23 4
-8 -23 5
-7 -23 5
-6 -23 5
-5 -23 5
-4 -23 5
-3 -23 5
-2 -23 6
-1 -23 6
0 -23 6
1 -23 6
2 -23 6
3 -23 6
4 -23 6
5 -23 6
6 -23 6
7 -23 6
8 -23 6
9 -23 6
10 -23 6
11 -23 6
12 -23 5
13 -23 5
14 -23 5
15 -23 3
16 -23 2
17 -23 2
18 -23 2
19 -23 2
20 -23 1
21 -23 1
22 -23 1
23 -23 1
24 -23 1
25 -23 1
26 -23 1
27 -23 1
28 -23 1
29 -23 1
30 -23 1
31 -23 1
32 -23 2
33 -23 2
34 -23 2
35 -23 2
36 -23 2
37 -23 5
38 -23 5
39 -23 5
40 -23 5
41 -23 5
42 -23 5
43 -23 5
44 -23 3
45 -23 3
46 -23 3
47 -23 2
48 -23 2
49 -23 6
50 -23 6
51 -23 6
52 -23 6
53 -23 5
54 -23 5
55 -23 5
56 -23 5
57 -23 5
58 -23 5
59 -23 5
60 -23 5
61 -23 5
62 -23 4
63 -23 4
-25 -22 6
-24 -22 6
-23 -22 6
-22 -22 6
-21 -22 6
-20 -22 6
-19 -22 5
-18 -22 5
-17 -22 5
-16 -22 4
-15 -22 4
-14 -22 4
-13 -22 4
-12 -22 4
-11 -22 4
-10 -22 4
-9 -22 5
-8 -22 5
-7 -22 5
-6 -22 5
-5 -22 5
-4 -22 5
-3 -22 5
-2 -22 6
-1 -22 6
0 -22 6
1 -22 6
2 -22 6
3 -22 6
4 -22 6
5 -22 6
6 -22 6
7 -22 6
8 -22 6
9 -22 6
10 -22 6
11 -22 6
12 -22 5
13 -22 5
14 -22 3
15 -22 2
16 -22 2
17 -22 2
18 -22 2
19 -22 2
20 -22 1
21 -22 1
22 -22 1
23 -22 1
24 -22 1
25 -22 1
26 -22 1
27 -22 1
28 -22 1
29 -22 1
30 -22 1
31 -22 1
32 -22 2
33 -22 2
34 -22 2
35 -22 2
36 -22 2
37 -22 6
38 -22 5
39 -22 5
40 -22 5
41 -22 5
42 -22 5
43 -22 5
44 -22 3
45 -22 3
46 -22 2
47 -22 2
48 -22 2
49 -22 6
50 -22 6
51 -22 6
52 -22 6
53 -22 5
54 -22 5
55 -22 5
56 -22 5
57 -22 5
58 -22 5
59 -22 5
60 -22 5
61 -22 4
62 -22 4
63 -22 4
-25 -21 6
-24 -21 6
-23 -21 6
-22 -21 6
-21 -21 6
-20 -21 6
-19 -21 5
-18 -21 5
-17 -21 5
-16 -21 4
-15 -21 4
-14 -21 4
-13 -21 4
-12 -21 4
-11 -21 4
-10 -21 4
-9 -21 5
-8 -21 5
-7 -21 6
-6 -21 6
-5 -21 5
-4 -21 5
-3 -21 5
-2 -21 6
-1 -21 6
0 -21 6
1 -21 6
2 -21 6
3 -21 6
4 -21 6
5 -21 6
6 -21 6
7 -21 6
8 -21 6
9 -21 6
10 -21 6
11 -21 6
12 -21 6
13 -21 2
14 -21 2
15 -21 2
16 -21 2
17 -21 2
18 -21 2
19 -21 1
20 -21 1
21 -21 1
22 -21 1
23 -21 1
24 -21 1
25 -21 1
26 -21 1
27 -21 1
28 -21 1
29 -21 1
30 -21 1
31 -21 1
32 -21 2
33 -21 2
34 -21 2
35 -21 2
36 -21 2
37 -21 6
38 -21 6
39 -21 6
40 -21 5
41 -21 5
42 -21 5
43 -21 5
44 -21 2
45 -21 2
46 -21 2
47 -21 2
48 -21 2
49 -21 6
50 -21 6
51 -21 6
52 -21 6
53 -21 5
54 -21 5
55 -21 5
56 -21 5
57 -21 5
58 -21 5
59 -21 5
60 -21 5
61 -21 4
62 -21 4
63 -21 4
-25 -20 6
-24 -20 6
-23 -20 6
-22 -20 6
-21 -20 6
-20 -20 6
-19 -20 5
-18 -20 5
-17 -20 5
-16 -20 4
-15 -20 4
-14 -20 4
-13 -20 4
-12 -20 4
-11 -20 4
-10 -20 4
-9 -20 5
-8 -20 6
-7 -20 6
-6 -20 6
-5 -20 6
-4 -20 6
-3 -20 5
-2 -20 6
-1 -20 6
0 -20 6
1 -20 6
2 -20 6
3 -20 6
4 -20 6
5 -20 6
6 -20 6
7 -20 6
8 -20 6
9 -20 6
10 -20 6
11 -20 6
12 -20 2
13 -20 2
14 -20 2
15 -20 2
16 -20 2
17 -20 2
18 -20 2
19 -20 1
20 -20 1
21 -20 1
22 -20 1
23 -20 1
24 -20 1
25 -20 1
26 -20 1
27 -20 1
28 -20 1
29 -20 1
30 -20 1
31 -20 1
32 -20 2
33 -20 2
34 -20 2
35 -20 2
36 -20 2
37 -20 6
38 -20 6
39 -20 6
40 -20 6
41 -20 6
42 -20 5
43 -20 5
44 -20 2
45 -20 2
46 -20 2
47 -20 2
48 -20 2
49 -20 5
50 -20 6
51 -20 6
52 -20 6
53 -20 5
54 -20 5
55 -20 5
56 -20 5
57 -20 5
58 -20 5
59 -20 5
60 -20 5
61 -20 4
62 -20 4
63 -20 4
-25 -19 6
-24 -19 6
-23 -19 6
-22 -19 6
-21 -19 6
-20 -19 5
-19 -19 5
-18 -19 5
-17 -19 5
-16 -19 4
-15 -19 4
-14 -19 4
-13 -19 4
-12 -19 4
-11 -19 4
-10 -19 4
-9 -19 4
-8 -19 5
-7 -19 6
-6 -19 6
-5 -19 6
-4 -19 6
-3 -19 6
-2 -19 6
-1 -19 6
0 -19 6
1 -19 6
2 -19 6
3 -19 6
4 -19 6
5 -19 6
6 -19 6
7 -19 6
8 -19 6
9 -19 6
10 -19 6
11 -19 6
12 -19 2
13 -19 2
14 -19 2
15 -19 2
16 -19 2
17 -19 2
18 -19 1
19 -19 1
20 -19 1
21 -19 1
22 -19 1
23 -19 1
24 -19 1
25 -19 1
26 -19 1
27 -19 1
28 -19 1
29 -19 1
30 -19 1
31 -19 1
32 -19 1
33 -19 2
34 -19 2
35 -19 2
36 -19 2
37 -19 6
38 -19 6
39 -19 6
40 -19 6
41 -19 6
42 -19 6
43 -19 5
44 -19 2
45 -19 2
46 -19 3
47 -19 3
48 -19 3
49 -19 3
50 -19 5
51 -19 5
52 -19 6
53 -19 5
54 -19 5
55 -19 5
56 -19 5
57 -19 5
58 -19 5
59 -19 5
60 -19 5
61 -19 4
62 -19 4
63 -19 4
-25 -18 5
-24 -18 6
-23 -18 6
-22 -18 6
-21 -18 5
-20 -18 5
-19 -18 5
-18 -18 5
-17 -18 4
-16 -18 4
-15 -18 4
-14 -18 4
-13 -18 4
-12 -18 4
-11 -18 4
-10 -18 4
-9 -18 4
-8 -18 5
-7 -18 6
-6 -18 6
-5 -18 6
-4 -18 6
-3 -18 6
-2 -18 6
-1 -18 6
0 -18 6
1 -18 6
2 -18 6
3 -18 6
4 -18 6
5 -18 6
6 -18 6
7 -18 6
8 -18 6
9 -18 6
10 -18 6
11 -18 6
12 -18 2
13 -18 2
14 -18 2
15 -18 2
16 -18 2
17 -18 2
18 -18 1
19 -18 1
20 -18 1
21 -18 1
22 -18 1
23 -18 2
24 -18 2
25 -18 2
26 -18 2
27 -18 1
28 -18 1
29 -18 1
30 -18 1
31 -18 1
32 -18 1
33 -18 2
34 -18 2
35 -18 2
36 -18 2
37 -18 2
38 -18 2
39 -18 6
40 -18 6
41 -18 6
42 -18 6
43 -18 6
44 -18 2
45 -18 2
46 -18 3
47 -18 3
48 -18 3
49 -18 3
50 -18 5
51 -18 5
52 -18 6
53 -18 6
54 -18 5
55 -18 5
56 -18 5
57 -18 5
58 -18 5
59 -18 5
60 -18 5
61 -18 5
62 -18 4
63 -18 4
-25 -17 5
-24 -17 5
-23 -17 5
-22 -17 5
-21 -17 5
-20 -17 5
-19 -17 5
-18 -17 5
-17 -17 4
-16 -17 4
-15 -17 4
-14 -17 4
-13 -17 4
-12 -17 4
-11 -17 4
-10 -17 4
-9 -17 4
-8 -17 4
-7 -17 5
-6 -17 6
-5 -17 6
-4 -17 6
-3 -17 6
-2 -17 6
-1 -17 6
0 -17 6
1 -17 6
2 -17 6
3 -17 6
4 -17 6
5 -17 6
6 -17 6
7 -17 6
8 -17 6
9 -17 6
10 -17 6
11 -17 6
12 -17 2
13 -17 2
14 -17 2
15 -17 2
16 -17 2
17 -17 2
18 -17 1
19 -17 1
20 -17 1
21 -17 1
22 -17 2
23 -17 2
24 -17 2
25 -17 2
26 -17 2
27 -17 1
28 -17 1
29 -17 1
30 -17 1
31 -17 1
32 -17 1
33 -17 2
34 -17 2
35 -17 2
36 -17 2
37 -17 2
38 -17 2
39 -17 2
40 -17 6
41 -17 6
42 -17 6
43 -17 6
44 -17 2
45 -17 2
46 -17 2
47 -17 3
48 -17 3
49 -17 3
50 -17 5
51 -17 5
52 -17 5
53 -17 6
54 -17 6
55 -17 6
56 -17 5
57 -17 5
58 -17 5
59 -17 5
60 -17 5
61 -17 5
62 -17 4
63 -17 4
-25 -16 5
-24 -16 5
-23 -16 5
-22 -16 5
-21 -16 5
-20 -16 5
-19 -16 5
-18 -16 5
-17 -16 5
-16 -16 4
-15 -16 4
-14 -16 4
-13 -16 4
-12 -16 4
-11 -16 4
-10 -16 4
-9 -16 4
-8 -16 4
-7 -16 5
-6 -16 6
-5 -16 6
-4 -16 6
-3 -16 6
-2 -16 6
-1 -16 6
0 -16 6
1 -16 6
2 -16 6
3 -16 6
4 -16 6
5 -16 6
6 -16 6
7 -16 6
8 -16 6
9 -16 6
10 -16 6
11 -16 6
12 -16 2
13 -16 2
14 -16 2
15 -16 2
16 -16 2
17 -16 2
18 -16 2
19 -16 2
20 -16 1
21 -16 1
22 -16 2
23 -16 2
24 -16 2
25 -16 2
26 -16 2
27 -16 2
28 -16 1
29 -16 1
30 -16 1
31 -16 1
32 -16 1
33 -16 1
34 -16 2
35 -16 2
36 -16 2
37 -16 2
38 -16 2
39 -16 2
40 -16 2
41 -16 6
42 -16 6
43 -16 6
44 -16 6
45 -16 2
46 -16 2
47 -16 2
48 -16 2
49 -16 3
50 -16 5
51 -16 5
52 -16 5
53 -16 6
54 -16 6
55 -16 6
56 -16 5
57 -16 5
58 -16 5
59 -16 5
60 -16 5
61 -16 4
62 -16 4
63 -16 4
-25 -15 6
-24 -15 6
-23 -15 6
-22 -15 6
-21 -15 6
-20 -15 6
-19 -15 5
-18 -15 5
-17 -15 5
-16 -15 5
-15 -15 4
-14 -15 4
-13 -15 4
-12 -15 4
-11 -15 4
-10 -15 4
-9 -15 4
-8 -15 4
-7 -15 5
-6 -15 5
-5 -15 6
-4 -15 6
-3 -15 6
-2 -15 6
-1 -15 6
0 -15 6
1 -15 6
2 -15 6
3 -15 6
4 -15 6
5 -15 6
6 -15 6
7 -15 6
8 -15 6
9 -15 6
10 -15 6
11 -15 6
12 -15 2
13 -15 2
14 -15 2
15 -15 2
16 -15 2
17 -15 2
18 -15 2
19 -15 2
20 -15 2
21 -15 1
22 -15 2
23 -15 2
24 -15 2
25 -15 2
26 -15 2
27 -15 2
28 -15 1
29 -15 1
30 -15 1
31 -15 1
32 -15 1
33 -15 1
34 -15 1
35 -15 2
36 -15 2
37 -15 2
38 -15 2
39 -15 2
40 -15 2
41 -15 6
42 -15 6
43 -15 6
44 -15 6
45 -15 6
46 -15 6
47 -15 2
48 -15 2
49 -15 3
50 -15 4
51 -15 5
52 -15 5
53 -15 5
54 -15 6
55 -15 6
56 -15 5
57 -15 5
58 -15 5
59 -15 5
60 -15 5
61 -15 4
62 -15 4
63 -15 4
-25 -14 6
-24 -14 6
-23 -14 6
-22 -14 6
-21 -14 6
-20 -14 6
-19 -14 6
-18 -14 5
-17 -14 5
-16 -14 5
-15 -14 5
-14 -14 4
-13 -14 4
-12 -14 4
-11 -14 4
-10 -14 4
-9 -14 4
-8 -14 4
-7 -14 5
-6 -14 5
-5 -14 6
-4 -14 6
-3 -14 6
-2 -14 6
-1 -14 6
0 -14 6
1 -14 6
2 -14 6
3 -14 6
4 -14 6
5 -14 6
6 -14 6
7 -14 6
8 -14 6
9 -14 6
10 -14 6
11 -14 6
12 -14 6
13 -14 2
14 -14 2
15 -14 2
16 -14 2
17 -14 2
18 -14 2
19 -14 2
20 -14 2
21 -14 2
22 -14 2
23 -14 2
24 -14 2
25 -14 2
26 -14 2
27 -14 2
28 -14 1
29 -14 1
30 -14 1
31 -14 1
32 -14 1
33 -14 1
34 -14 1
35 -14 1
36 -14 1
37 -14 1
38 -14 2
39 -14 2
40 -14 2
41 -14 6
42 -14 6
43 -14 6
44 -14 6
45 -14 6
46 -14 5
47 -14 5
48 -14 3
49 -14 4
50 -14 4
51 -14 5
52 -14 5
53 -14 5
54 -14 5
55 -14 6
56 -14 5
57 -14 5
58 -14 5
59 -14 5
60 -14 5
61 -14 4
62 -14 4
63 -14 4
-25 -13 6
-24 -13 6
-23 -13 6
-22 -13 6
-21 -13 6
-20 -13 6
-19 -13 6
-18 -13 5
-17 -13 5
-16 -13 5
-15 -13 5
-14 -13 4
-13 -13 4
-12 -13 4
-11 -13 4
-10 -13 4
-9 -13 4
-8 -13 4
-7 -13 5
-6 -13 5
-5 -13 6
-4 -13 6
-3 -13 6
-2 -13 6
-1 -13 6
0 -13 6
1 -13 6
2 -13 6
3 -13 6
4 -13 6
5 -13 6
6 -13 6
7 -13 6
8 -13 6
9 -13 6
10 -13 6
11 -13 6
12 -13 6
13 -13 2
14 -13 2
15 -13 2
16 -13 2
17 -13 2
18 -13 2
19 -13 2
20 -13 2
21 -13 2
22 -13 1
23 -13 2
24 -13 2
25 -13 2
26 -13 2
27 -13 2
28 -13 2
29 -13 1
30 -13 1
31 -13 1
32 -13 1
33 -13 1
34 -13 1
35 -13 1
36 -13 1
37 -13 1
38 -13 1
39 -13 2
40 -13 2
41 -13 6
42 -13 6
43 -13 5
44 -13 5
45 -13 5
46 -13 5
47 -13 5
48 -13 5
49 -13 4
50 -13 5
51 -13 5
52 -13 5
53 -13 5
54 -13 5
55 -13 5
56 -13 5
57 -13 5
58 -13 5
59 -13 5
60 -13 5
61 -13 5
62 -13 4
63 -13 4
-25 -12 6
-24 -12 6
-23 -12 6
-22 -12 6
-21 -12 6
-20 -12 6
-19 -12 6
-18 -12 5
-17 -12 5
-16 -12 5
-15 -12 5
-14 -12 4
-13 -12 4
-12 -12 4
-11 -12 4
-10 -12 4
-9 -12 4
-8 -12 5
-7 -12 5
-6 -12 5
-5 -12 6
-4 -12 6
-3 -12 6
-2 -12 6
-1 -12 6
0 -12 6
1 -12 6
2 -12 6
3 -12 6
4 -12 6
5 -12 6
6 -12 6
7 -12 6
8 -12 6
9 -12 6
10 -12 6
11 -12 6
12 -12 6
13 -12 6
14 -12 2
15 -12 2
16 -12 2
17 -12 2
18 -12 2
19 -12 2
20 -12 2
21 -12 2
22 -12 1
23 -12 1
24 -12 2
25 -12 2
26 -12 2
27 -12 2
28 -12 2
29 -12 1
30 -12 1
31 -12 1
32 -12 1
33 -12 1
34 -12 1
35 -12 2
36 -12 2
37 -12 1
38 -12 2
39 -12 2
40 -12 2
41 -12 6
42 -12 6
43 -12 5
44 -12 5
45 -12 5
46 -12 5
47 -12 5
48 -12 5
49 -12 5
50 -12 4
51 -12 5
52 -12 5
53 -12 5
54 -12 5
55 -12 5
56 -12 5
57 -12 5
58 -12 5
59 -12 5
60 -12 5
61 -12 5
62 -12 4
63 -12 4
-25 -11 6
-24 -11 6
-23 -11 6
-22 -11 6
-21 -11 6
-20 -11 6
-19 -11 5
-18 -11 5
-17 -11 5
-16 -11 5
-15 -11 4
-14 -11 4
-13 -11 4
-12 -11 4
-11 -11 4
-10 -11 4
-9 -11 5
-8 -11 5
-7 -11 5
-6 -11 5
-5 -11 6
-4 -11 6
-3 -11 6
-2 -11 6
-1 -11 6
0 -11 6
1 -11 6
2 -11 6
3 -11 6
4 -11 6
5 -11 6
6 -11 6
7 -11 6
8 -11 6
9 -11 6
10 -11 6
11 -11 6
12 -11 6
13 -11 6
14 -11 2
15 -11 2
16 -11 2
17 -11 2
18 -11 2
19 -11 2
20 -11 2
21 -11 1
22 -11 1
23 -11 1
24 -11 1
25 -11 1
26 -11 2
27 -11 2
28 -11 2
29 -11 2
30 -11 2
31 -11 2
32 -11 2
33 -11 2
34 -11 2
35 -11 2
36 -11 2
37 -11 2
38 -11 2
39 -11 2
40 -11 2
41 -11 6
42 -11 5
43 -11 5
44 -11 5
45 -11 5
46 -11 5
47 -11 5
48 -11 5
49 -11 5
50 -11 4
51 -11 5
52 -11 5
53 -11 5
54 -11 5
55 -11 5
56 -11 5
57 -11 5
58 -11 5
59 -11 5
60 -11 5
61 -11 4
62 -11 4
63 -11 4
-25 -10 6
-24 -10 6
-23 -10 6
-22 -10 6
-21 -10 6
-20 -10 6
-19 -10 5
-18 -10 5
-17 -10 5
-16 -10 5
-15 -10 4
-14 -10 4
-13 -10 4
-12 -10 4
-11 -10 4
-10 -10 4
-9 -10 5
-8 -10 5
-7 -10 5
-6 -10 6
-5 -10 6
-4 -10 6
-3 -10 6
-2 -10 6
-1 -10 6
0 -10 6
1 -10 6
2 -10 6
3 -10 6
4 -10 6
5 -10 6
6 -10 6
7 -10 6
8 -10 6
9 -10 6
10 -10 6
11 -10 6
12 -10 6
13 -10 6
14 -10 2
15 -10 2
16 -10 2
17 -10 2
18 -10 2
19 -10 2
20 -10 2
21 -10 1
22 -10 1
23 -10 1
24 -10 1
25 -10 1
26 -10 1
27 -10 2
28 -10 2
29 -10 2
30 -10 2
31 -10 2
32 -10 2
33 -10 2
34 -10 2
35 -10 2
36 -10 2
37 -10 2
38 -10 2
39 -10 2
40 -10 2
41 -10 6
42 -10 5
43 -10 5
44 -10 5
45 -10 5
46 -10 5
47 -10 5
48 -10 5
49 -10 5
50 -10 5
51 -10 5
52 -10 5
53 -10 5
54 -10 5
55 -10 5
56 -10 5
57 -10 5
58 -10 5
59 -10 5
60 -10 5
61 -10 4
62 -10 4
63 -10 4
-25 -9 6
-24 -9 6
-23 -9 6
-22 -9 6
-21 -9 6
-20 -9 5
-19 -9 5
-18 -9 5
-17 -9 5
-16 -9 4
-15 -9 4
-14 -9 4
-13 -9 4
-12 -9 4
-11 -9 4
-10 -9 4
-9 -9 5
-8 -9 5
-7 -9 5
-6 -9 5
-5 -9 5
-4 -9 5
-3 -9 6
-2 -9 6
-1 -9 6
0 -9 6
1 -9 6
2 -9 6
3 -9 6
4 -9 6
5 -9 6
6 -9 6
7 -9 6
8 -9 6
9 -9 6
10 -9 6
11 -9 6
12 -9 6
13 -9 2
14 -9 2
15 -9 2
16 -9 2
17 -9 2
18 -9 2
19 -9 1
20 -9 1
21 -9 1
22 -9 1
23 -9 1
24 -9 1
25 -9 1
26 -9 1
27 -9 1
28 -9 2
29 -9 2
30 -9 2
31 -9 2
32 -9 2
33 -9 2
34 -9 2
35 -9 2
36 -9 2
37 -9 2
38 -9 2
39 -9 2
40 -9 2
41 -9 5
42 -9 5
43 -9 5
44 -9 5
45 -9 6
46 -9 6
47 -9 5
48 -9 5
49 -9 5
50 -9 5
51 -9 5
52 -9 5
53 -9 5
54 -9 5
55 -9 5
56 -9 5
57 -9 5
58 -9 5
59 -9 5
60 -9 4
61 -9 4
62 -9 4
63 -9 4
-25 -8 6
-24 -8 6
-23 -8 6
-22 -8 6
-21 -8 6
-20 -8 5
-19 -8 5
-18 -8 5
-17 -8 5
-16 -8 4
-15 -8 4
-14 -8 4
-13 -8 4
-12 -8 4
-11 -8 4
-10 -8 4
-9 -8 5
-8 -8 5
-7 -8 5
-6 -8 5
-5 -8 5
-4 -8 5
-3 -8 5
-2 -8 5
-1 -8 6
0 -8 6
1 -8 6
2 -8 6
3 -8 6
4 -8 6
5 -8 6
6 -8 6
7 -8 6
8 -8 6
9 -8 6
10 -8 6
11 -8 6
12 -8 6
13 -8 2
14 -8 2
15 -8 2
16 -8 2
17 -8 1
18 -8 1
19 -8 1
20 -8 1
21 -8 1
22 -8 1
23 -8 1
24 -8 1
25 -8 1
26 -8 1
27 -8 1
28 -8 2
29 -8 2
30 -8 2
31 -8 2
32 -8 2
33 -8 2
34 -8 2
35 -8 2
36 -8 2
37 -8 2
38 -8 2
39 -8 2
40 -8 6
41 -8 6
42 -8 6
43 -8 6
44 -8 6
45 -8 6
46 -8 6
47 -8 6
48 -8 5
49 -8 5
50 -8 5
51 -8 5
52 -8 5
53 -8 5
54 -8 5
55 -8 5
56 -8 5
57 -8 5
58 -8 5
59 -8 5
60 -8 5
61 -8 4
62 -8 4
63 -8 4
-25 -7 6
-24 -7 6
-23 -7 6
-22 -7 6
-21 -7 5
-20 -7 5
-19 -7 5
-18 -7 5
-17 -7 5
-16 -7 4
-15 -7 4
-14 -7 4
-13 -7 4
-12 -7 4
-11 -7 4
-10 -7 4
-9 -7 4
-8 -7 5
-7 -7 5
-6 -7 5
-5 -7 5
-4 -7 5
-3 -7 5
-2 -7 5
-1 -7 5
0 -7 6
1 -7 6
2 -7 6
3 -7 6
4 -7 6
5 -7 6
6 -7 6
7 -7 6
8 -7 6
9 -7 6
10 -7 6
11 -7 6
12 -7 2
13 -7 2
14 -7 1
15 -7 1
16 -7 1
17 -7 1
18 -7 1
19 -7 1
20 -7 1
21 -7 1
22 -7 1
23 -7 1
24 -7 1
25 -7 1
26 -7 1
27 -7 1
28 -7 1
29 -7 2
30 -7 2
31 -7 2
32 -7 2
33 -7 2
34 -7 2
35 -7 2
36 -7 2
37 -7 2
38 -7 2
39 -7 2
40 -7 6
41 -7 6
42 -7 6
43 -7 6
44 -7 6
45 -7 6
46 -7 6
47 -7 6
48 -7 5
49 -7 5
50 -7 5
51 -7 5
52 -7 5
53 -7 5
54 -7 5
55 -7 5
56 -7 5
57 -7 5
58 -7 5
59 -7 5
60 -7 5
61 -7 4
62 -7 4
63 -7 4
-25 -6 6
-24 -6 6
-23 -6 6
-22 -6 6
-21 -6 5
-20 -6 5
-19 -6 5
-18 -6 5
-17 -6 5
-16 -6 4
-15 -6 4
-14 -6 4
-13 -6 4
-12 -6 4
-11 -6 4
-10 -6 4
-9 -6 4
-8 -6 4
-7 -6 5
-6 -6 5
-5 -6 5
-4 -6 5
-3 -6 5
-2 -6 5
-1 -6 5
0 -6 5
1 -6 5
2 -6 6
3 -6 6
4 -6 6
5 -6 6
6 -6 6
7 -6 6
8 -6 6
9 -6 6
10 -6 6
11 -6 6
12 -6 1
13 -6 1
14 -6 1
15 -6 1
16 -6 1
17 -6 1
18 -6 1
19 -6 1
20 -6 1
21 -6 1
22 -6 1
23 -6 1
24 -6 1
25 -6 1
26 -6 1
27 -6 1
28 -6 2
29 -6 2
30 -6 2
31 -6 2
32 -6 2
33 -6 2
34 -6 2
35 -6 2
36 -6 2
37 -6 2
38 -6 5
39 -6 2
40 -6 6
41 -6 6
42 -6 6
43 -6 6
44 -6 6
45 -6 6
46 -6 6
47 -6 6
48 -6 6
49 -6 5
50 -6 5
51 -6 5
52 -6 5
53 -6 5
54 -6 5
55 -6 5
56 -6 5
57 -6 4
58 -6 4
59 -6 5
60 -6 5
61 -6 5
62 -6 4
63 -6 4
-25 -5 6
-24 -5 6
-23 -5 6
-22 -5 5
-21 -5 5
-20 -5 5
-19 -5 5
-18 -5 5
-17 -5 5
-16 -5 4
-15 -5 4
-14 -5 4
-13 -5 4
-12 -5 4
-11 -5 4
-10 -5 4
-9 -5 4
-8 -5 4
-7 -5 4
-6 -5 5
-5 -5 5
-4 -5 5
-3 -5 5
-2 -5 5
-1 -5 5
0 -5 5
1 -5 5
2 -5 5
3 -5 6
4 -5 6
5 -5 6
6 -5 6
7 -5 6
8 -5 6
9 -5 6
10 -5 6
11 -5 6
12 -5 1
13 -5 1
14 -5 1
15 -5 1
16 -5 1
17 -5 1
18 -5 1
19 -5 1
20 -5 1
21 -5 1
22 -5 1
23 -5 1
24 -5 1
25 -5 1
26 -5 1
27 -5 2
28 -5 2
29 -5 2
30 -5 2
31 -5 2
32 -5 2
33 -5 2
34 -5 2
35 -5 2
36 -5 2
37 -5 2
38 -5 2
39 -5 2
40 -5 6
41 -5 6
42 -5 6
43 -5 6
44 -5 6
45 -5 6
46 -5 6
47 -5 6
48 -5 6
49 -5 6
50 -5 5
51 -5 5
52 -5 5
53 -5 5
54 -5 5
55 -5 5
56 -5 4
57 -5 4
58 -5 4
59 -5 5
60 -5 5
61 -5 5
62 -5 4
63 -5 4
-25 -4 6
-24 -4 6
-23 -4 6
-22 -4 6
-21 -4 5
-20 -4 5
-19 -4 5
-18 -4 5
-17 -4 5
-16 -4 5
-15 -4 4
-14 -4 4
-13 -4 4
-12 -4 4
-11 -4 4
-10 -4 4
-9 -4 4
-8 -4 4
-7 -4 5
-6 -4 5
-5 -4 5
-4 -4 5
-3 -4 5
-2 -4 5
-1 -4 5
0 -4 5
1 -4 5
2 -4 5
3 -4 5
4 -4 5
5 -4 6
6 -4 6
7 -4 6
8 -4 6
9 -4 6
10 -4 6
11 -4 1
12 -4 1
13 -4 1
14 -4 1
15 -4 1
16 -4 1
17 -4 1
18 -4 1
19 -4 1
20 -4 1
21 -4 1
22 -4 1
23 -4 1
24 -4 1
25 -4 1
26 -4 2
27 -4 2
28 -4 2
29 -4 2
30 -4 2
31 -4 2
32 -4 2
33 -4 2
34 -4 2
35 -4 2
36 -4 2
37 -4 2
38 -4 5
39 -4 5
40 -4 5
41 -4 6
42 -4 6
43 -4 6
44 -4 6
45 -4 6
46 -4 6
47 -4 6
48 -4 6
49 -4 6
50 -4 6
51 -4 6
52 -4 5
53 -4 5
54 -4 5
55 -4 5
56 -4 4
57 -4 4
58 -4 4
59 -4 5
60 -4 5
61 -4 5
62 -4 5
63 -4 4
-25 -3 6
-24 -3 6
-23 -3 6
-22 -3 6
-21 -3 6
-20 -3 5
-19 -3 5
-18 -3 5
-17 -3 5
-16 -3 5
-15 -3 6
-14 -3 6
-13 -3 6
-12 -3 6
-11 -3 6
-10 -3 6
-9 -3 6
-8 -3 5
-7 -3 5
-6 -3 6
-5 -3 6
-4 -3 5
-3 -3 5
-2 -3 5
-1 -3 5
0 -3 5
1 -3 5
2 -3 5
3 -3 5
4 -3 5
5 -3 6
6 -3 6
7 -3 6
8 -3 6
9 -3 6
10 -3 1
11 -3 1
12 -3 1
13 -3 1
14 -3 1
15 -3 1
16 -3 1
17 -3 1
18 -3 1
19 -3 1
20 -3 1
21 -3 1
22 -3 1
23 -3 1
24 -3 1
25 -3 1
26 -3 2
27 -3 2
28 -3 2
29 -3 2
30 -3 2
31 -3 2
32 -3 2
33 -3 2
34 -3 2
35 -3 2
36 -3 2
37 -3 3
38 -3 5
39 -3 5
40 -3 5
41 -3 5
42 -3 5
43 -3 6
44 -3 6
45 -3 6
46 -3 6
47 -3 6
48 -3 6
49 -3 6
50 -3 6
51 -3 6
52 -3 6
53 -3 5
54 -3 5
55 -3 5
56 -3 5
57 -3 5
58 -3 5
59 -3 5
60 -3 5
61 -3 5
62 -3 5
63 -3 5
-25 -2 5
-24 -2 5
-23 -2 5
-22 -2 6
-21 -2 6
-20 -2 5
-19 -2 5
-18 -2 5
-17 -2 5
-16 -2 5
-15 -2 6
-14 -2 6
-13 -2 6
-12 -2 6
-11 -2 6
-10 -2 6
-9 -2 6
-8 -2 6
-7 -2 6
-6 -2 6
-5 -2 6
-4 -2 6
-3 -2 6
-2 -2 6
-1 -2 5
0 -2 5
1 -2 5
2 -2 5
3 -2 5
4 -2 5
5 -2 5
6 -2 5
7 -2 6
8 -2 6
9 -2 2
10 -2 1
11 -2 1
12 -2 1
13 -2 1
14 -2 1
15 -2 1
16 -2 1
17 -2 1
18 -2 1
19 -2 1
20 -2 1
21 -2 1
22 -2 1
23 -2 1
24 -2 1
25 -2 1
26 -2 2
27 -2 2
28 -2 2
29 -2 2
30 -2 2
31 -2 2
32 -2 2
33 -2 2
34 -2 2
35 -2 2
36 -2 3
37 -2 3
38 -2 3
39 -2 3
40 -2 5
41 -2 5
42 -2 5
43 -2 5
44 -2 6
45 -2 6
46 -2 6
47 -2 6
48 -2 6
49 -2 6
50 -2 6
51 -2 6
52 -2 6
53 -2 5
54 -2 5
55 -2 5
56 -2 5
57 -2 5
58 -2 5
59 -2 5
60 -2 5
61 -2 5
62 -2 5
63 -2 5
-25 -1 4
-24 -1 4
-23 -1 5
-22 -1 5
-21 -1 5
-20 -1 5
-19 -1 5
-18 -1 5
-17 -1 5
-16 -1 5
-15 -1 5
-14 -1 5
-13 -1 5
-12 -1 6
-11 -1 6
-10 -1 6
-9 -1 6
-8 -1 6
-7 -1 6
-6 -1 6
-5 -1 6
-4 -1 6
-3 -1 6
-2 -1 6
-1 -1 6
0 -1 5
1 -1 5
2 -1 5
3 -1 5
4 -1 5
5 -1 5
6 -1 5
7 -1 6
8 -1 6
9 -1 2
10 -1 1
11 -1 1
12 -1 1
13 -1 1
14 -1 1
15 -1 1
16 -1 1
17 -1 1
18 -1 1
19 -1 1
20 -1 1
21 -1 1
22 -1 1
23 -1 1
24 -1 1
25 -1 1
26 -1 2
27 -1 2
28 -1 2
29 -1 2
30 -1 2
31 -1 2
32 -1 2
33 -1 6
34 -1 2
35 -1 2
36 -1 3
37 -1 3
38 -1 3
39 -1 3
40 -1 3
41 -1 3
42 -1 5
43 -1 5
44 -1 6
45 -1 6
46 -1 6
47 -1 6
48 -1 6
49 -1 6
50 -1 6
51 -1 6
52 -1 6
53 -1 5
54 -1 5
55 -1 5
56 -1 5
57 -1 5
58 -1 5
59 -1 5
60 -1 5
61 -1 5
62 -1 5
63 -1 4
-25 0 4
-24 0 4
-23 0 4
-22 0 4
-21 0 5
-20 0 5
-19 0 5
-18 0 5
-17 0 5
-16 0 5
-15 0 5
-14 0 5
-13 0 5
-12 0 5
-11 0 6
-10 0 6
-9 0 6
-8 0 6
-7 0 6
-6 0 6
-5 0 6
-4 0 6
-3 0 6
-2 0 6
-1 0 6
0 0 6
1 0 5
2 0 5
3 0 5
4 0 5
5 0 5
6 0 5
7 0 5
8 0 6
9 0 6
10 0 1
11 0 1
12 0 1
13 0 1
14 0 1
15 0 1
16 0 1
17 0 1
18 0 1
19 0 1
20 0 1
21 0 1
22 0 1
23 0 1
24 0 1
25 0 1
26 0 2
27 0 2
28 0 2
29 0 2
30 0 2
31 0 2
32 0 2
33 0 2
34 0 2
35 0 3
36 0 3
37 0 3
38 0 3
39 0 3
40 0 3
41 0 3
42 0 3
43 0 2
44 0 5
45 0 6
46 0 6
47 0 6
48 0 6
49 0 6
50 0 6
51 0 6
52 0 6
53 0 6
54 0 5
55 0 5
56 0 5
57 0 5
58 0 5
59 0 5
60 0 5
61 0 5
62 0 4
63 0 4
-25 1 4
-24 1 4
-23 1 4
-22 1 4
-21 1 5
-20 1 5
-19 1 5
-18 1 5
-17 1 5
-16 1 5
-15 1 5
-14 1 5
-13 1 5
-12 1 5
-11 1 5
-10 1 6
-9 1 6
-8 1 6
-7 1 6
-6 1 6
-5 1 6
-4 1 6
-3 1 6
-2 1 6
-1 1 6
0 1 6
1 1 6
2 1 5
3 1 5
4 1 5
5 1 5
6 1 5
7 1 5
8 1 5
9 1 6
10 1 2
11 1 1
12 1 1
13 1 1
14 1 1
15 1 1
16 1 1
17 1 1
18 1 1
19 1 1
20 1 1
21 1 1
22 1 1
23 1 1
24 1 1
25 1 1
26 1 1
27 1 2
28 1 2
29 1 2
30 1 2
31 1 2
32 1 2
33 1 2
34 1 2
35 1 3
36 1 3
37 1 3
38 1 3
39 1 3
40 1 3
41 1 2
42 1 3
43 1 2
44 1 2
45 1 6
46 1 6
47 1 6
48 1 6
49 1 6
50 1 6
51 1 6
52 1 6
53 1 6
54 1 5
55 1 5
56 1 5
57 1 5
58 1 5
59 1 5
60 1 5
61 1 4
62 1 4
63 1 4
-25 2 4
-24 2 4
-23 2 4
-22 2 4
-21 2 5
-20 2 5
-19 2 5
-18 2 5
-17 2 5
-16 2 5
-15 2 5
-14 2 5
-13 2 5
-12 2 5
-11 2 5
-10 2 6
-9 2 6
-8 2 6
-7 2 6
-6 2 6
-5 2 6
-4 2 6
-3 2 6
-2 2 6
-1 2 6
0 2 6
1 2 6
2 2 5
3 2 5
4 2 5
5 2 5
6 2 5
7 2 5
8 2 5
9 2 6
10 2 2
11 2 1
12 2 1
13 2 1
14 2 1
15 2 1
16 2 1
17 2 1
18 2 1
19 2 1
20 2 1
21 2 1
22 2 1
23 2 1
24 2 1
25 2 1
26 2 1
27 2 2
28 2 2
29 2 2
30 2 2
31 2 2
32 2 2
33 2 2
34 2 2
35 2 2
36 2 3
37 2 3
38 2 3
39 2 3
40 2 3
41 2 2
42 2 2
43 2 2
44 2 2
45 2 2
46 2 2
47 2 2
48 2 6
49 2 6
50 2 6
51 2 6
52 2 6
53 2 6
54 2 6
55 2 6
56 2 5
57 2 5
58 2 5
59 2 5
60 2 5
61 2 4
62 2 4
63 2 4
-25 3 4
-24 3 4
-23 3 4
-22 3 4
-21 3 5
-20 3 5
-19 3 5
-18 3 5
-17 3 5
-16 3 5
-15 3 5
-14 3 5
-13 3 5
-12 3 5
-11 3 5
-10 3 6
-9 3 6
-8 3 6
-7 3 6
-6 3 6
-5 3 6
-4 3 6
-3 3 6
-2 3 6
-1 3 6
0 3 6
1 3 6
2 3 6
3 3 5
4 3 5
5 3 5
6 3 5
7 3 5
8 3 5
9 3 5
10 3 2
11 3 2
12 3 1
13 3 1
14 3 1
15 3 1
16 3 1
17 3 1
18 3 1
19 3 1
20 3 1
21 3 1
22 3 1
23 3 1
24 3 1
25 3 1
26 3 1
27 3 1
28 3 2
29 3 2
30 3 2
31 3 2
32 3 2
33 3 2
34 3 2
35 3 3
36 3 3
37 3 3
38 3 3
39 3 3
40 3 3
41 3 3
42 3 2
43 3 2
44 3 2
45 3 2
46 3 2
47 3 2
48 3 2
49 3 6
50 3 6
51 3 6
52 3 6
53 3 6
54 3 6
55 3 6
56 3 6
57 3 5
58 3 5
59 3 5
60 3 4
61 3 4
62 3 4
63 3 4
-25 4 5
-24 4 5
-23 4 5
-22 4 5
-21 4 5
-20 4 5
-19 4 5
-18 4 5
-17 4 5
-16 4 5
-15 4 5
-14 4 5
-13 4 5
-12 4 5
-11 4 5
-10 4 6
-9 4 6
-8 4 6
-7 4 6
-6 4 6
-5 4 6
-4 4 6
-3 4 6
-2 4 6
-1 4 6
0 4 6
1 4 6
2 4 6
3 4 5
4 4 5
5 4 5
6 4 4
7 4 4
8 4 3
9 4 3
10 4 2
11 4 2
12 4 1
13 4 1
14 4 1
15 4 1
16 4 1
17 4 1
18 4 1
19 4 1
20 4 1
21 4 1
22 4 1
23 4 1
24 4 1
25 4 1
26 4 1
27 4 1
28 4 1
29 4 2
30 4 2
31 4 2
32 4 2
33 4 2
34 4 2
35 4 3
36 4 3
37 4 3
38 4 4
39 4 4
40 4 3
41 4 2
42 4 2
43 4 2
44 4 2
45 4 2
46 4 2
47 4 2
48 4 2
49 4 2
50 4 6
51 4 6
52 4 6
53 4 6
54 4 6
55 4 6
56 4 6
57 4 5
58 4 5
59 4 4
60 4 4
61 4 4
62 4 4
63 4 4
-25 5 5
-24 5 5
-23 5 5
-22 5 5
-21 5 5
-20 5 5
-19 5 5
-18 5 5
-17 5 5
-16 5 5
-15 5 5
-14 5 5
-13 5 5
-12 5 6
-11 5 6
-10 5 6
-9 5 2
-8 5 2
-7 5 2
-6 5 1
-5 5 1
-4 5 1
-3 5 1
-2 5 1
-1 5 1
0 5 6
1 5 6
2 5 6
3 5 6
4 5 5
5 5 5
6 5 3
7 5 3
8 5 3
9 5 3
10 5 3
11 5 2
12 5 2
13 5 2
14 5 2
15 5 2
16 5 2
17 5 2
18 5 2
19 5 1
20 5 1
21 5 1
22 5 1
23 5 1
24 5 1
25 5 1
26 5 1
27 5 1
28 5 2
29 5 2
30 5 3
31 5 2
32 5 2
33 5 2
34 5 2
35 5 3
36 5 3
37 5 4
38 5 4
39 5 4
40 5 3
41 5 3
42 5 2
43 5 2
44 5 2
45 5 2
46 5 2
47 5 2
48 5 2
49 5 2
50 5 6
51 5 6
52 5 6
53 5 6
54 5 6
55 5 6
56 5 6
57 5 4
58 5 4
59 5 4
60 5 4
61 5 4
62 5 4
63 5 4
-25 6 5
-24 6 5
-23 6 5
-22 6 5
-21 6 5
-20 6 5
-19 6 6
-18 6 6
-17 6 6
-16 6 6
-15 6 6
-14 6 6
-13 6 6
-12 6 6
-11 6 6
-10 6 2
-9 6 2
-8 6 2
-7 6 1
-6 6 1
-5 6 1
-4 6 1
-3 6 1
-2 6 1
-1 6 1
0 6 1
1 6 6
2 6 6
3 6 6
4 6 3
5 6 3
6 6 3
7 6 3
8 6 3
9 6 3
10 6 3
11 6 3
12 6 3
13 6 2
14 6 2
15 6 2
16 6 2
17 6 2
18 6 2
19 6 2
20 6 2
21 6 1
22 6 1
23 6 1
24 6 1
25 6 1
26 6 1
27 6 1
28 6 2
29 6 2
30 6 2
31 6 2
32 6 2
33 6 2
34 6 2
35 6 3
36 6 3
37 6 3
38 6 4
39 6 4
40 6 3
41 6 3
42 6 2
43 6 2
44 6 2
45 6 2
46 6 2
47 6 2
48 6 2
49 6 2
50 6 6
51 6 6
52 6 6
53 6 6
54 6 6
55 6 6
56 6 6
57 6 4
58 6 4
59 6 4
60 6 4
61 6 4
62 6 4
63 6 5
-25 7 5
-24 7 5
-23 7 5
-22 7 5
-21 7 5
-20 7 6
-19 7 6
-18 7 6
-17 7 6
-16 7 6
-15 7 6
-14 7 6
-13 7 6
-12 7 6
-11 7 2
-10 7 2
-9 7 1
-8 7 1
-7 7 1
-6 7 1
-5 7 1
-4 7 1
-3 7 1
-2 7 1
-1 7 1
0 7 1
1 7 1
2 7 2
3 7 2
4 7 2
5 7 3
6 7 3
7 7 3
8 7 3
9 7 3
10 7 3
11 7 3
12 7 3
13 7 3
14 7 3
15 7 3
16 7 3
17 7 3
18 7 2
19 7 2
20 7 2
21 7 2
22 7 1
23 7 1
24 7 1
25 7 1
26 7 1
27 7 2
28 7 2
29 7 2
30 7 2
31 7 2
32 7 2
33 7 2
34 7 2
35 7 4
36 7 3
37 7 3
38 7 4
39 7 4
40 7 3
41 7 3
42 7 3
43 7 2
44 7 2
45 7 2
46 7 2
47 7 2
48 7 2
49 7 2
50 7 6
51 7 6
52 7 6
53 7 6
54 7 6
55 7 6
56 7 6
57 7 6
58 7 4
59 7 4
60 7 5
61 7 5
62 7 5
63 7 5
-25 8 5
-24 8 5
-23 8 5
-22 8 5
-21 8 6
-20 8 6
-19 8 6
-18 8 6
-17 8 6
-16 8 6
-15 8 6
-14 8 6
-13 8 6
-12 8 1
-11 8 1
-10 8 1
-9 8 1
-8 8 1
-7 8 1
-6 8 1
-5 8 1
-4 8 1
-3 8 1
-2 8 1
-1 8 1
0 8 1
1 8 1
2 8 1
3 8 2
4 8 2
5 8 3
6 8 3
7 8 3
8 8 3
9 8 3
10 8 3
11 8 3
12 8 3
13 8 3
14 8 3
15 8 3
16 8 3
17 8 3
18 8 3
19 8 2
20 8 2
21 8 2
22 8 2
23 8 1
24 8 1
25 8 2
26 8 2
27 8 2
28 8 2
29 8 3
30 8 3
31 8 3
32 8 3
33 8 2
34 8 3
35 8 4
36 8 3
37 8 3
38 8 3
39 8 4
40 8 4
41 8 4
42 8 4
43 8 4
44 8 5
45 8 4
46 8 3
47 8 3
48 8 2
49 8 2
50 8 1
51 8 6
52 8 6
53 8 6
54 8 6
55 8 6
56 8 6
57 8 6
58 8 6
59 8 6
60 8 6
61 8 5
62 8 5
63 8 5
-25 9 5
-24 9 5
-23 9 5
-22 9 5
-21 9 6
-20 9 6
-19 9 6
-18 9 6
-17 9 2
-16 9 2
-15 9 2
-14 9 2
-13 9 1
-12 9 1
-11 9 1
-10 9 1
-9 9 1
-8 9 1
-7 9 1
-6 9 1
-5 9 1
-4 9 1
-3 9 1
-2 9 1
-1 9 1
0 9 1
1 9 1
2 9 1
3 9 2
4 9 2
5 9 2
6 9 3
7 9 3
8 9 3
9 9 3
10 9 3
11 9 3
12 9 3
13 9 3
14 9 3
15 9 3
16 9 3
17 9 3
18 9 3
19 9 3
20 9 2
21 9 2
22 9 2
23 9 2
24 9 2
25 9 2
26 9 2
27 9 2
28 9 3
29 9 3
30 9 3
31 9 3
32 9 3
33 9 3
34 9 3
35 9 4
36 9 3
37 9 3
38 9 3
39 9 4
40 9 4
41 9 4
42 9 4
43 9 4
44 9 4
45 9 4
46 9 4
47 9 3
48 9 3
49 9 2
50 9 1
51 9 1
52 9 6
53 9 6
54 9 6
55 9 6
56 9 6
57 9 6
58 9 6
59 9 6
60 9 6
61 9 6
62 9 5
63 9 5
-25 10 5
-24 10 5
-23 10 5
-22 10 5
-21 10 6
-20 10 6
-19 10 6
-18 10 6
-17 10 2
-16 10 2
-15 10 2
-14 10 2
-13 10 1
-12 10 1
-11 10 1
-10 10 1
-9 10 1
-8 10 1
-7 10 1
-6 10 1
-5 10 1
-4 10 1
-3 10 1
-2 10 1
-1 10 1
0 10 1
1 10 1
2 10 1
3 10 1
4 10 2
5 10 2
6 10 3
7 10 3
8 10 3
9 10 3
10 10 3
11 10 3
12 10 3
13 10 3
14 10 3
15 10 3
16 10 3
17 10 3
18 10 3
19 10 3
20 10 2
21 10 2
22 10 2
23 10 2
24 10 2
25 10 2
26 10 3
27 10 3
28 10 3
29 10 3
30 10 3
31 10 3
32 10 3
33 10 3
34 10 3
35 10 4
36 10 3
37 10 3
38 10 3
39 10 4
40 10 4
41 10 4
42 10 4
43 10 4
44 10 4
45 10 4
46 10 4
47 10 3
48 10 3
49 10 2
50 10 2
51 10 1
52 10 6
53 10 6
54 10 6
55 10 6
56 10 6
57 10 6
58 10 6
59 10 6
60 10 6
61 10 6
62 10 5
63 10 5
-25 11 5
-24 11 5
-23 11 5
-22 11 5
-21 11 6
-20 11 6
-19 11 6
-18 11 6
-17 11 2
-16 11 2
-15 11 2
-14 11 2
-13 11 1
-12 11 1
-11 11 1
-10 11 1
-9 11 1
-8 11 1
-7 11 1
-6 11 1
-5 11 1
-4 11 1
-3 11 1
-2 11 1
-1 11 1
0 11 1
1 11 1
2 11 1
3 11 1
4 11 1
5 11 2
6 11 2
7 11 3
8 11 3
9 11 3
10 11 3
11 11 3
12 11 3
13 11 3
14 11 3
15 11 3
16 11 3
17 11 3
18 11 3
19 11 3
20 11 3
21 11 3
22 11 2
23 11 2
24 11 2
25 11 3
26 11 3
27 11 3
28 11 3
29 11 3
30 11 3
31 11 3
32 11 3
33 11 3
34 11 3
35 11 4
36 11 4
37 11 4
38 11 4
39 11 3
40 11 4
41 11 4
42 11 4
43 11 4
44 11 4
45 11 4
46 11 4
47 11 4
48 11 4
49 11 4
50 11 6
51 11 6
52 11 6
53 11 6
54 11 6
55 11 6
56 11 6
57 11 6
58 11 5
59 11 5
60 11 6
61 11 6
62 11 5
63 11 5
-25 12 5
-24 12 5
-23 12 5
-22 12 5
-21 12 5
-20 12 6
-19 12 6
-18 12 6
-17 12 2
-16 12 2
-15 12 2
-14 12 2
-13 12 1
-12 12 1
-11 12 1
-10 12 1
-9 12 1
-8 12 1
-7 12 1
-6 12 1
-5 12 1
-4 12 1
-3 12 1
-2 12 1
-1 12 1
0 12 1
1 12 1
2 12 1
3 12 1
4 12 1
5 12 2
6 12 2
7 12 2
8 12 3
9 12 3
10 12 3
11 12 3
12 12 3
13 12 3
14 12 3
15 12 3
16 12 3
17 12 3
18 12 3
19 12 3
20 12 3
21 12 3
22 12 3
23 12 2
24 12 3
25 12 3
26 12 3
27 12 3
28 12 3
29 12 3
30 12 3
31 12 3
32 12 3
33 12 3
34 12 3
35 12 3
36 12 4
37 12 4
38 12 3
39 12 3
40 12 4
41 12 4
42 12 4
43 12 4
44 12 4
45 12 4
46 12 4
47 12 4
48 12 4
49 12 4
50 12 4
51 12 6
52 12 6
53 12 6
54 12 6
55 12 6
56 12 4
57 12 4
58 12 4
59 12 5
60 12 5
61 12 5
62 12 5
63 12 5
-25 13 5
-24 13 5
-23 13 5
-22 13 5
-21 13 5
-20 13 5
-19 13 6
-18 13 6
-17 13 2
-16 13 2
-15 13 2
-14 13 2
-13 13 2
-12 13 1
-11 13 1
-10 13 1
-9 13 1
-8 13 1
-7 13 1
-6 13 1
-5 13 1
-4 13 1
-3 13 1
-2 13 1
-1 13 1
0 13 1
1 13 1
2 13 1
3 13 1
4 13 1
5 13 1
6 13 2
7 13 2
8 13 3
9 13 3
10 13 3
11 13 3
12 13 3
13 13 3
14 13 2
15 13 2
16 13 3
17 13 3
18 13 3
19 13 3
20 13 3
21 13 3
22 13 3
23 13 3
24 13 3
25 13 3
26 13 3
27 13 3
28 13 3
29 13 3
30 13 3
31 13 3
32 13 3
33 13 3
34 13 3
35 13 3
36 13 4
37 13 4
38 13 3
39 13 3
40 13 4
41 13 4
42 13 4
43 13 4
44 13 4
45 13 4
46 13 4
47 13 4
48 13 4
49 13 4
50 13 4
51 13 4
52 13 4
53 13 4
54 13 4
55 13 4
56 13 4
57 13 4
58 13 4
59 13 5
60 13 5
61 13 5
62 13 5
63 13 5
-25 14 5
-24 14 5
-23 14 5
-22 14 5
-21 14 5
-20 14 5
-19 14 5
-18 14 6
-17 14 6
-16 14 2
-15 14 2
-14 14 2
-13 14 2
-12 14 1
-11 14 1
-10 14 1
-9 14 1
-8 14 1
-7 14 1
-6 14 1
-5 14 1
-4 14 1
-3 14 1
-2 14 1
-1 14 1
0 14 1
1 14 1
2 14 1
3 14 1
4 14 1
5 14 1
6 14 2
7 14 2
8 14 3
9 14 3
10 14 3
11 14 3
12 14 3
13 14 3
14 14 3
15 14 2
16 14 3
17 14 3
18 14 3
19 14 3
20 14 3
21 14 3
22 14 3
23 14 3
24 14 3
25 14 3
26 14 3
27 14 3
28 14 3
29 14 3
30 14 3
31 14 3
32 14 3
33 14 3
34 14 3
35 14 3
36 14 3
37 14 4
38 14 4
39 14 4
40 14 4
41 14 4
42 14 4
43 14 4
44 14 4
45 14 4
46 14 4
47 14 4
48 14 4
49 14 4
50 14 4
51 14 4
52 14 4
53 14 4
54 14 4
55 14 4
56 14 4
57 14 4
58 14 4
59 14 5
60 14 5
61 14 5
62 14 5
63 14 5
-25 15 5
-24 15 5
-23 15 5
-22 15 5
-21 15 5
-20 15 5
-19 15 6
-18 15 6
-17 15 6
-16 15 2
-15 15 2
-14 15 2
-13 15 1
-12 15 1
-11 15 1
-10 15 1
-9 15 1
-8 15 1
-7 15 1
-6 15 1
-5 15 1
-4 15 1
-3 15 1
-2 15 1
-1 15 1
0 15 1
1 15 1
2 15 1
3 15 1
4 15 1
5 15 1
6 15 2
7 15 2
8 15 3
9 15 3
10 15 3
11 15 3
12 15 3
13 15 3
14 15 3
15 15 3
16 15 2
17 15 3
18 15 3
19 15 3
20 15 3
21 15 3
22 15 3
23 15 3
24 15 3
25 15 3
26 15 3
27 15 3
28 15 3
29 15 3
30 15 3
31 15 3
32 15 3
33 15 3
34 15 3
35 15 3
36 15 3
37 15 3
38 15 4
39 15 4
40 15 4
41 15 4
42 15 4
43 15 4
44 15 4
45 15 3
46 15 3
47 15 3
48 15 4
49 15 4
50 15 4
51 15 4
52 15 4
53 15 4
54 15 4
55 15 4
56 15 4
57 15 4
58 15 4
59 15 5
60 15 5
61 15 5
62 15 5
63 15 5
-25 16 5
-24 16 5
-23 16 5
-22 16 5
-21 16 5
-20 16 5
-19 16 6
-18 16 6
-17 16 6
-16 16 2
-15 16 1
-14 16 1
-13 16 1
-12 16 1
-11 16 1
-10 16 1
-9 16 1
-8 16 1
-7 16 1
-6 16 1
-5 16 1
-4 16 1
-3 16 1
-2 16 2
-1 16 2
0 16 1
1 16 1
2 16 1
3 16 1
4 16 1
5 16 2
6 16 2
7 16 2
8 16 3
9 16 3
10 16 3
11 16 3
12 16 3
13 16 3
14 16 3
15 16 3
16 16 3
17 16 3
18 16 3
19 16 3
20 16 3
21 16 3
22 16 3
23 16 3
24 16 3
25 16 3
26 16 3
27 16 3
28 16 3
29 16 3
30 16 3
31 16 3
32 16 3
33 16 3
34 16 3
35 16 3
36 16 3
37 16 4
38 16 4
39 16 4
40 16 4
41 16 4
42 16 4
43 16 4
44 16 3
45 16 3
46 16 3
47 16 3
48 16 3
49 16 3
50 16 4
51 16 4
52 16 4
53 16 4
54 16 4
55 16 4
56 16 4
57 16 4
58 16 4
59 16 5
60 16 5
61 16 5
62 16 5
63 16 5
-25 17 5
-24 17 5
-23 17 5
-22 17 5
-21 17 5
-20 17 6
-19 17 6
-18 17 6
-17 17 6
-16 17 1
-15 17 1
-14 17 1
-13 17 1
-12 17 1
-11 17 1
-10 17 1
-9 17 1
-8 17 1
-7 17 1
-6 17 1
-5 17 1
-4 17 1
-3 17 1
-2 17 2
-1 17 2
0 17 2
1 17 1
2 17 1
3 17 1
4 17 2
5 17 2
6 17 2
7 17 2
8 17 3
9 17 3
10 17 3
11 17 3
12 17 3
13 17 3
14 17 3
15 17 3
16 17 3
17 17 3
18 17 3
19 17 3
20 17 3
21 17 3
22 17 3
23 17 3
24 17 3
25 17 3
26 17 3
27 17 3
28 17 3
29 17 3
30 17 3
31 17 3
32 17 3
33 17 3
34 17 3
35 17 3
36 17 3
37 17 4
38 17 4
39 17 4
40 17 4
41 17 4
42 17 4
43 17 3
44 17 3
45 17 3
46 17 3
47 17 3
48 17 3
49 17 3
50 17 3
51 17 3
52 17 4
53 17 4
54 17 4
55 17 4
56 17 4
57 17 4
58 17 5
59 17 6
60 17 6
61 17 6
62 17 5
63 17 5
-25 18 5
-24 18 5
-23 18 5
-22 18 5
-21 18 5
-20 18 6
-19 18 6
-18 18 6
-17 18 6
-16 18 1
-15 18 1
-14 18 1
-13 18 1
-12 18 1
-11 18 1
-10 18 1
-9 18 1
-8 18 1
-7 18 1
-6 18 1
-5 18 1
-4 18 1
-3 18 1
-2 18 1
-1 18 2
0 18 2
1 18 2
2 18 2
3 18 2
4 18 2
5 18 2
6 18 2
7 18 2
8 18 3
9 18 3
10 18 3
11 18 3
12 18 3
13 18 3
14 18 3
15 18 3
16 18 3
17 18 3
18 18 3
19 18 2
20 18 3
21 18 2
22 18 3
23 18 3
24 18 3
25 18 3
26 18 3
27 18 3
28 18 3
29 18 3
30 18 3
31 18 3
32 18 3
33 18 3
34 18 3
35 18 3
36 18 3
37 18 4
38 18 4
39 18 4
40 18 4
41 18 4
42 18 4
43 18 3
44 18 3
45 18 3
46 18 2
47 18 2
48 18 2
49 18 2
50 18 2
51 18 3
52 18 2
53 18 2
54 18 2
55 18 2
56 18 2
57 18 6
58 18 6
59 18 6
60 18 6
61 18 6
62 18 6
63 18 5
-25 19 5
-24 19 5
-23 19 5
-22 19 5
-21 19 5
-20 19 6
-19 19 6
-18 19 6
-17 19 6
-16 19 1
-15 19 1
-14 19 1
-13 19 1
-12 19 1
-11 19 1
-10 19 1
-9 19 1
-8 19 1
-7 19 1
-6 19 1
-5 19 1
-4 19 1
-3 19 1
-2 19 1
-1 19 2
0 19 2
1 19 2
2 19 2
3 19 2
4 19 2
5 19 2
6 19 2
7 19 2
8 19 3
9 19 3
10 19 3
11 19 3
12 19 3
13 19 3
14 19 3
15 19 3
16 19 3
17 19 3
18 19 3
19 19 2
20 19 2
21 19 2
22 19 2
23 19 2
24 19 3
25 19 3
26 19 3
27 19 3
28 19 3
29 19 3
30 19 3
31 19 3
32 19 3
33 19 3
34 19 3
35 19 3
36 19 3
37 19 4
38 19 4
39 19 4
40 19 4
41 19 4
42 19 4
43 19 3
44 19 3
45 19 3
46 19 2
47 19 2
48 19 2
49 19 1
50 19 2
51 19 2
52 19 1
53 19 1
54 19 1
55 19 1
56 19 2
57 19 2
58 19 6
59 19 6
60 19 6
61 19 6
62 19 5
63 19 5
-25 20 5
-24 20 5
-23 20 5
-22 20 5
-21 20 5
-20 20 6
-19 20 6
-18 20 6
-17 20 6
-16 20 2
-15 20 1
-14 20 1
-13 20 1
-12 20 1
-11 20 1
-10 20 1
-9 20 1
-8 20 1
-7 20 1
-6 20 1
-5 20 1
-4 20 1
-3 20 1
-2 20 1
-1 20 1
0 20 2
1 20 2
2 20 2
3 20 2
4 20 2
5 20 2
6 20 2
7 20 3
8 20 3
9 20 3
10 20 3
11 20 3
12 20 3
13 20 3
14 20 3
15 20 3
16 20 3
17 20 3
18 20 3
19 20 2
20 20 2
21 20 2
22 20 2
23 20 2
24 20 3
25 20 3
26 20 3
27 20 3
28 20 3
29 20 3
30 20 3
31 20 3
32 20 3
33 20 3
34 20 3
35 20 3
36 20 4
37 20 4
38 20 4
39 20 4
40 20 4
41 20 4
42 20 4
43 20 3
44 20 3
45 20 3
46 20 2
47 20 2
48 20 1
49 20 1
50 20 1
51 20 1
52 20 1
53 20 1
54 20 1
55 20 1
56 20 1
57 20 2
58 20 2
59 20 6
60 20 6
61 20 5
62 20 5
63 20 5
-25 21 5
-24 21 5
-23 21 5
-22 21 5
-21 21 5
-20 21 6
-19 21 6
-18 21 6
-17 21 2
-16 21 2
-15 21 1
-14 21 1
-13 21 1
-12 21 1
-11 21 1
-10 21 1
-9 21 1
-8 21 1
-7 21 1
-6 21 1
-5 21 1
-4 21 1
-3 21 1
-2 21 1
-1 21 1
0 21 2
1 21 2
2 21 2
3 21 2
4 21 2
5 21 2
6 21 2
7 21 3
8 21 3
9 21 3
10 21 3
11 21 3
12 21 3
13 21 3
14 21 3
15 21 3
16 21 3
17 21 3
18 21 3
19 21 3
20 21 2
21 21 2
22 21 2
23 21 2
24 21 2
25 21 2
26 21 2
27 21 3
28 21 3
29 21 3
30 21 3
31 21 3
32 21 3
33 21 3
34 21 3
35 21 4
36 21 4
37 21 4
38 21 4
39 21 4
40 21 4
41 21 4
42 21 4
43 21 3
44 21 3
45 21 3
46 21 3
47 21 2
48 21 1
49 21 1
50 21 1
51 21 1
52 21 1
53 21 1
54 21 1
55 21 1
56 21 1
57 21 1
58 21 2
59 21 2
60 21 6
61 21 5
62 21 5
63 21 5
-25 22 5
-24 22 5
-23 22 5
-22 22 5
-21 22 5
-20 22 5
-19 22 6
-18 22 6
-17 22 6
-16 22 2
-15 22 2
-14 22 1
-13 22 1
-12 22 1
-11 22 1
-10 22 1
-9 22 1
-8 22 1
-7 22 1
-6 22 1
-5 22 1
-4 22 1
-3 22 1
-2 22 1
-1 22 1
0 22 2
1 22 2
2 22 2
3 22 2
4 22 2
5 22 2
6 22 3
7 22 3
8 22 3
9 22 3
10 22 3
11 22 3
12 22 3
13 22 3
14 22 3
15 22 3
16 22 3
17 22 3
18 22 3
19 22 3
20 22 2
21 22 2
22 22 2
23 22 2
24 22 2
25 22 2
26 22 2
27 22 2
28 22 3
29 22 3
30 22 3
31 22 3
32 22 3
33 22 3
34 22 3
35 22 4
36 22 4
37 22 4
38 22 4
39 22 4
40 22 4
41 22 4
42 22 4
43 22 4
44 22 3
45 22 3
46 22 3
47 22 3
48 22 2
49 22 1
50 22 1
51 22 1
52 22 1
53 22 1
54 22 1
55 22 1
56 22 1
57 22 1
58 22 2
59 22 2
60 22 2
61 22 5
62 22 5
63 22 6
-25 23 6
-24 23 6
-23 23 6
-22 23 6
-21 23 5
-20 23 5
-19 23 5
-18 23 6
-17 23 6
-16 23 2
-15 23 2
-14 23 1
-13 23 1
-12 23 1
-11 23 1
-10 23 1
-9 23 1
-8 23 1
-7 23 1
-6 23 1
-5 23 1
-4 23 1
-3 23 1
-2 23 1
-1 23 1
0 23 1
1 23 2
2 23 2
3 23 2
4 23 2
5 23 3
6 23 3
7 23 3
8 23 3
9 23 3
10 23 3
11 23 3
12 23 3
13 23 3
14 23 3
15 23 3
16 23 3
17 23 3
18 23 3
19 23 3
20 23 3
21 23 2
22 23 2
23 23 2
24 23 2
25 23 2
26 23 2
27 23 2
28 23 2
29 23 3
30 23 2
31 23 2
32 23 3
33 23 3
34 23 3
35 23 4
36 23 4
37 23 4
38 23 4
39 23 4
40 23 4
41 23 4
42 23 4
43 23 4
44 23 3
45 23 3
46 23 3
47 23 3
48 23 2
49 23 1
50 23 1
51 23 1
52 23 1
53 23 1
54 23 1
55 23 1
56 23 1
57 23 2
58 23 2
59 23 2
60 23 2
61 23 5
62 23 6
63 23 6
-25 24 6
-24 24 6
-23 24 6
-22 24 6
-21 24 6
-20 24 5
-19 24 5
-18 24 5
-17 24 6
-16 24 2
-15 24 2
-14 24 2
-13 24 1
-12 24 1
-11 24 1
-10 24 1
-9 24 1
-8 24 1
-7 24 1
-6 24 1
-5 24 1
-4 24 1
-3 24 1
-2 24 1
-1 24 1
0 24 1
1 24 2
2 24 2
3 24 2
4 24 2
5 24 3
6 24 3
7 24 3
8 24 3
9 24 3
10 24 3
11 24 3
12 24 3
13 24 3
14 24 3
15 24 3
16 24 3
17 24 3
18 24 3
19 24 3
20 24 3
21 24 3
22 24 2
23 24 2
24 24 2
25 24 2
26 24 2
27 24 2
28 24 2
29 24 2
30 24 2
31 24 2
32 24 2
33 24 2
34 24 4
35 24 4
36 24 4
37 24 4
38 24 4
39 24 4
40 24 4
41 24 4
42 24 4
43 24 4
44 24 3
45 24 3
46 24 3
47 24 3
48 24 2
49 24 1
50 24 1
51 24 1
52 24 1
53 24 1
54 24 1
55 24 1
56 24 1
57 24 2
58 24 2
59 24 2
60 24 2
61 24 2
62 24 2
63 24 6
-25 25 6
-24 25 6
-23 25 6
-22 25 6
-21 25 6
-20 25 5
-19 25 5
-18 25 5
-17 25 5
-16 25 2
-15 25 2
-14 25 2
-13 25 2
-12 25 1
-11 25 1
-10 25 1
-9 25 1
-8 25 1
-7 25 1
-6 25 1
-5 25 1
-4 25 1
-3 25 1
-2 25 1
-1 25 1
0 25 1
1 25 1
2 25 2
3 25 2
4 25 2
5 25 3
6 25 3
7 25 3
8 25 3
9 25 3
10 25 3
11 25 3
12 25 3
13 25 3
14 25 3
15 25 3
16 25 3
17 25 3
18 25 3
19 25 3
20 25 3
21 25 3
22 25 2
23 25 2
24 25 2
25 25 2
26 25 2
27 25 2
28 25 2
29 25 2
30 25 2
31 25 2
32 25 2
33 25 2
34 25 5
35 25 4
36 25 4
37 25 4
38 25 4
39 25 4
40 25 4
41 25 4
42 25 4
43 25 4
44 25 3
45 25 3
46 25 3
47 25 2
48 25 2
49 25 1
50 25 1
51 25 1
52 25 1
53 25 1
54 25 1
55 25 1
56 25 1
57 25 2
58 25 2
59 25 3
60 25 2
61 25 2
62 25 2
63 25 2
-25 26 6
-24 26 6
-23 26 6
-22 26 6
-21 26 5
-20 26 5
-19 26 5
-18 26 5
-17 26 5
-16 26 5
-15 26 2
-14 26 2
-13 26 2
-12 26 2
-11 26 1
-10 26 1
-9 26 1
-8 26 1
-7 26 1
-6 26 1
-5 26 1
-4 26 1
-3 26 1
-2 26 1
-1 26 1
0 26 1
1 26 1
2 26 2
3 26 2
4 26 2
5 26 2
6 26 3
7 26 3
8 26 3
9 26 3
10 26 3
11 26 3
12 26 2
13 26 3
14 26 3
15 26 3
16 26 3
17 26 3
18 26 3
19 26 3
20 26 3
21 26 3
22 26 3
23 26 2
24 26 2
25 26 2
26 26 2
27 26 2
28 26 2
29 26 2
30 26 2
31 26 2
32 26 2
33 26 2
34 26 5
35 26 4
36 26 4
37 26 4
38 26 4
39 26 4
40 26 4
41 26 4
42 26 4
43 26 3
44 26 3
45 26 3
46 26 2
47 26 2
48 26 1
49 26 1
50 26 1
51 26 1
52 26 1
53 26 1
54 26 1
55 26 1
56 26 1
57 26 2
58 26 2
59 26 2
60 26 2
61 26 2
62 26 2
63 26 2
-25 27 6
-24 27 6
-23 27 6
-22 27 6
-21 27 5
-20 27 5
-19 27 5
-18 27 5
-17 27 5
-16 27 5
-15 27 5
-14 27 6
-13 27 6
-12 27 2
-11 27 2
-10 27 1
-9 27 1
-8 27 1
-7 27 1
-6 27 1
-5 27 1
-4 27 1
-3 27 1
-2 27 1
-1 27 1
0 27 1
1 27 1
2 27 1
3 27 2
4 27 2
5 27 2
6 27 2
7 27 3
8 27 3
9 27 3
10 27 2
11 27 2
12 27 2
13 27 2
14 27 3
15 27 3
16 27 3
17 27 3
18 27 3
19 27 3
20 27 3
21 27 3
22 27 3
23 27 2
24 27 2
25 27 2
26 27 2
27 27 2
28 27 2
29 27 2
30 27 2
31 27 2
32 27 2
33 27 2
34 27 5
35 27 4
36 27 4
37 27 3
38 27 4
39 27 3
40 27 3
41 27 3
42 27 3
43 27 3
44 27 2
45 27 2
46 27 1
47 27 1
48 27 1
49 27 1
50 27 1
51 27 1
52 27 1
53 27 1
54 27 1
55 27 1
56 27 1
57 27 1
58 27 2
59 27 2
60 27 2
61 27 3
62 27 2
63 27 2
-25 28 6
-24 28 6
-23 28 6
-22 28 5
-21 28 5
-20 28 5
-19 28 5
-18 28 5
-17 28 5
-16 28 5
-15 28 5
-14 28 5
-13 28 5
-12 28 6
-11 28 2
-10 28 2
-9 28 2
-8 28 1
-7 28 1
-6 28 1
-5 28 1
-4 28 1
-3 28 1
-2 28 1
-1 28 1
0 28 1
1 28 1
2 28 1
3 28 1
4 28 2
5 28 2
6 28 2
7 28 2
8 28 2
9 28 2
10 28 2
11 28 2
12 28 2
13 28 2
14 28 2
15 28 3
16 28 3
17 28 3
18 28 3
19 28 3
20 28 3
21 28 3
22 28 3
23 28 2
24 28 2
25 28 2
26 28 2
27 28 2
28 28 2
29 28 2
30 28 2
31 28 2
32 28 2
33 28 2
34 28 4
35 28 4
36 28 4
37 28 3
38 28 3
39 28 3
40 28 3
41 28 3
42 28 3
43 28 2
44 28 2
45 28 1
46 28 1
47 28 1
48 28 1
49 28 1
50 28 1
51 28 1
52 28 1
53 28 1
54 28 1
55 28 1
56 28 1
57 28 1
58 28 2
59 28 2
60 28 3
61 28 3
62 28 3
63 28 3
-25 29 6
-24 29 6
-23 29 6
-22 29 6
-21 29 5
-20 29 5
-19 29 5
-18 29 5
-17 29 5
-16 29 5
-15 29 5
-14 29 5
-13 29 5
-12 29 5
-11 29 2
-10 29 2
-9 29 2
-8 29 2
-7 29 2
-6 29 2
-5 29 2
-4 29 1
-3 29 1
-2 29 1
-1 29 1
0 29 1
1 29 1
2 29 1
3 29 1
4 29 1
5 29 2
6 29 2
7 29 2
8 29 2
9 29 2
10 29 2
11 29 2
12 29 2
13 29 2
14 29 2
15 29 3
16 29 3
17 29 3
18 29 3
19 29 3
20 29 3
21 29 3
22 29 3
23 29 2
24 29 2
25 29 2
26 29 1
27 29 1
28 29 2
29 29 2
30 29 2
31 29 2
32 29 2
33 29 3
34 29 3
35 29 3
36 29 3
37 29 3
38 29 3
39 29 3
40 29 3
41 29 3
42 29 2
43 29 2
44 29 1
45 29 1
46 29 1
47 29 1
48 29 1
49 29 1
50 29 1
51 29 1
52 29 1
53 29 1
54 29 1
55 29 1
56 29 1
57 29 1
58 29 1
59 29 2
60 29 3
61 29 3
62 29 3
63 29 3
-25 30 6
-24 30 6
-23 30 6
-22 30 6
-21 30 5
-20 30 5
-19 30 5
-18 30 5
-17 30 5
-16 30 5
-15 30 5
-14 30 5
-13 30 5
-12 30 5
-11 30 5
-10 30 2
-9 30 2
-8 30 2
-7 30 3
-6 30 3
-5 30 2
-4 30 2
-3 30 2
-2 30 1
-1 30 1
0 30 1
1 30 1
2 30 1
3 30 1
4 30 1
5 30 1
6 30 1
7 30 2
8 30 2
9 30 2
10 30 2
11 30 2
12 30 2
13 30 2
14 30 2
15 30 3
16 30 3
17 30 3
18 30 3
19 30 3
20 30 3
21 30 3
22 30 3
23 30 2
24 30 2
25 30 1
26 30 1
27 30 1
28 30 1
29 30 2
30 30 2
31 30 2
32 30 2
33 30 4
34 30 3
35 30 3
36 30 3
37 30 3
38 30 3
39 30 3
40 30 3
41 30 3
42 30 2
43 30 1
44 30 1
45 30 1
46 30 1
47 30 1
48 30 1
49 30 1
50 30 1
51 30 1
52 30 1
53 30 1
54 30 1
55 30 1
56 30 1
57 30 1
58 30 1
59 30 2
60 30 2
61 30 3
62 30 3
63 30 3
-25 31 6
-24 31 6
-23 31 6
-22 31 6
-21 31 6
-20 31 5
-19 31 5
-18 31 5
-17 31 5
-16 31 5
-15 31 5
-14 31 5
-13 31 5
-12 31 5
-11 31 5
-10 31 5
-9 31 3
-8 31 3
-7 31 3
-6 31 3
-5 31 3
-4 31 3
-3 31 3
-2 31 2
-1 31 2
0 31 1
1 31 1
2 31 1
3 31 1
4 31 1
5 31 1
6 31 1
7 31 1
8 31 1
9 31 1
10 31 2
11 31 2
12 31 2
13 31 3
14 31 3
15 31 3
16 31 3
17 31 3
18 31 3
19 31 3
20 31 3
21 31 3
22 31 2
23 31 2
24 31 1
25 31 1
26 31 1
27 31 1
28 31 1
29 31 2
30 31 2
31 31 2
32 31 2
33 31 4
34 31 4
35 31 3
36 31 3
37 31 3
38 31 3
39 31 3
40 31 3
41 31 2
42 31 2
43 31 1
44 31 1
45 31 1
46 31 1
47 31 1
48 31 1
49 31 1
50 31 1
51 31 1
52 31 1
53 31 1
54 31 3
55 31 3
56 31 3
57 31 2
58 31 2
59 31 2
60 31 2
61 31 3
62 31 3
63 31 3
-25 32 6
-24 32 6
-23 32 6
-22 32 6
-21 32 6
-20 32 5
-19 32 5
-18 32 5
-17 32 5
-16 32 5
-15 32 5
-14 32 5
-13 32 5
-12 32 5
-11 32 5
-10 32 5
-9 32 5
-8 32 3
-7 32 3
-6 32 3
-5 32 3
-4 32 3
-3 32 3
-2 32 3
-1 32 3
0 32 2
1 32 2
2 32 2
3 32 2
4 32 1
5 32 1
6 32 1
7 32 1
8 32 1
9 32 1
10 32 2
11 32 2
12 32 2
13 32 3
14 32 3
15 32 3
16 32 3
17 32 5
18 32 6
19 32 6
20 32 2
21 32 2
22 32 2
23 32 1
24 32 1
25 32 1
26 32 1
27 32 1
28 32 1
29 32 1
30 32 2
31 32 2
32 32 2
33 32 2
34 32 4
35 32 4
36 32 3
37 32 3
38 32 3
39 32 3
40 32 3
41 32 2
42 32 2
43 32 1
44 32 1
45 32 1
46 32 1
47 32 1
48 32 1
49 32 1
50 32 1
51 32 1
52 32 3
53 32 3
54 32 3
55 32 3
56 32 3
57 32 3
58 32 3
59 32 3
60 32 3
61 32 3
62 32 3
63 32 3
-25 33 6
-24 33 6
-23 33 6
-22 33 6
-21 33 6
-20 33 5
-19 33 5
-18 33 5
-17 33 5
-16 33 5
-15 33 5
-14 33 5
-13 33 5
-12 33 5
-11 33 5
-10 33 5
-9 33 2
-8 33 2
-7 33 3
-6 33 3
-5 33 3
-4 33 3
-3 33 3
-2 33 3
-1 33 3
0 33 3
1 33 2
2 33 2
3 33 2
4 33 2
5 33 1
6 33 1
7 33 1
8 33 1
9 33 1
10 33 1
11 33 2
12 33 2
13 33 3
14 33 3
15 33 3
16 33 5
17 33 6
18 33 6
19 33 6
20 33 6
21 33 6
22 33 6
23 33 1
24 33 1
25 33 1
26 33 1
27 33 1
28 33 1
29 33 1
30 33 1
31 33 1
32 33 2
33 33 2
34 33 5
35 33 4
36 33 3
37 33 3
38 33 3
39 33 3
40 33 3
41 33 2
42 33 2
43 33 2
44 33 1
45 33 1
46 33 1
47 33 1
48 33 1
49 33 1
50 33 1
51 33 3
52 33 3
53 33 3
54 33 3
55 33 3
56 33 3
57 33 3
58 33 3
59 33 3
60 33 3
61 33 3
62 33 3
63 33 3
-25 34 6
-24 34 6
-23 34 6
-22 34 6
-21 34 6
-20 34 6
-19 34 5
-18 34 5
-17 34 5
-16 34 5
-15 34 5
-14 34 5
-13 34 5
-12 34 5
-11 34 6
-10 34 6
-9 34 2
-8 34 2
-7 34 2
-6 34 3
-5 34 3
-4 34 3
-3 34 3
-2 34 3
-1 34 3
0 34 3
1 34 3
2 34 3
3 34 2
4 34 2
5 34 2
6 34 1
7 34 1
8 34 1
9 34 1
10 34 1
11 34 6
12 34 6
13 34 5
14 34 5
15 34 5
16 34 5
17 34 6
18 34 6
19 34 6
20 34 6
21 34 6
22 34 1
23 34 1
24 34 1
25 34 1
26 34 1
27 34 1
28 34 1
29 34 1
30 34 1
31 34 1
32 34 1
33 34 6
34 34 6
35 34 4
36 34 3
37 34 4
38 34 4
39 34 3
40 34 3
41 34 2
42 34 2
43 34 2
44 34 2
45 34 1
46 34 1
47 34 1
48 34 1
49 34 1
50 34 3
51 34 3
52 34 3
53 34 3
54 34 3
55 34 3
56 34 3
57 34 3
58 34 3
59 34 3
60 34 3
61 34 3
62 34 3
63 34 3
-25 35 5
-24 35 6
-23 35 5
-22 35 5
-21 35 5
-20 35 5
-19 35 5
-18 35 5
-17 35 5
-16 35 5
-15 35 5
-14 35 5
-13 35 5
-12 35 5
-11 35 6
-10 35 6
-9 35 6
-8 35 6
-7 35 6
-6 35 4
-5 35 3
-4 35 3
-3 35 3
-2 35 3
-1 35 3
0 35 3
1 35 3
2 35 3
3 35 3
4 35 2
5 35 2
6 35 2
7 35 1
8 35 1
9 35 1
10 35 2
11 35 6
12 35 6
13 35 5
14 35 5
15 35 5
16 35 6
17 35 6
18 35 6
19 35 6
20 35 6
21 35 1
22 35 1
23 35 1
24 35 1
25 35 1
26 35 1
27 35 1
28 35 1
29 35 1
30 35 1
31 35 1
32 35 1
33 35 2
34 35 6
35 35 5
36 35 4
37 35 4
38 35 4
39 35 3
40 35 3
41 35 3
42 35 2
43 35 2
44 35 2
45 35 2
46 35 1
47 35 1
48 35 1
49 35 3
50 35 3
51 35 3
52 35 3
53 35 3
54 35 3
55 35 3
56 35 3
57 35 3
58 35 3
59 35 3
60 35 3
61 35 3
62 35 3
63 35 3
-25 36 5
-24 36 5
-23 36 5
-22 36 5
-21 36 5
-20 36 5
-19 36 5
-18 36 5
-17 36 5
-16 36 5
-15 36 5
-14 36 5
-13 36 5
-12 36 5
-11 36 6
-10 36 6
-9 36 6
-8 36 6
-7 36 6
-6 36 3
-5 36 3
-4 36 3
-3 36 3
-2 36 3
-1 36 4
0 36 3
1 36 3
2 36 3
3 36 3
4 36 3
5 36 4
6 36 6
7 36 2
8 36 2
9 36 6
10 36 6
11 36 4
12 36 4
13 36 4
14 36 4
15 36 5
16 36 6
17 36 6
18 36 6
19 36 6
20 36 1
21 36 1
22 36 1
23 36 1
24 36 1
25 36 1
26 36 1
27 36 1
28 36 1
29 36 1
30 36 1
31 36 1
32 36 2
33 36 2
34 36 3
35 36 3
36 36 3
37 36 4
38 36 4
39 36 4
40 36 4
41 36 3
42 36 3
43 36 3
44 36 3
45 36 3
46 36 3
47 36 3
48 36 3
49 36 3
50 36 3
51 36 3
52 36 3
53 36 3
54 36 2
55 36 2
56 36 2
57 36 3
58 36 3
59 36 3
60 36 3
61 36 2
62 36 2
63 36 2
-25 37 4
-24 37 5
-23 37 5
-22 37 5
-21 37 5
-20 37 5
-19 37 5
-18 37 5
-17 37 5
-16 37 5
-15 37 5
-14 37 5
-13 37 5
-12 37 5
-11 37 5
-10 37 6
-9 37 6
-8 37 6
-7 37 2
-6 37 3
-5 37 3
-4 37 3
-3 37 3
-2 37 4
-1 37 4
0 37 4
1 37 4
2 37 4
3 37 4
4 37 4
5 37 4
6 37 4
7 37 4
8 37 4
9 37 4
10 37 4
11 37 4
12 37 4
13 37 4
14 37 4
15 37 5
16 37 6
17 37 6
18 37 6
19 37 6
20 37 1
21 37 1
22 37 1
23 37 1
24 37 1
25 37 1
26 37 1
27 37 1
28 37 2
29 37 3
30 37 3
31 37 3
32 37 3
33 37 3
34 37 3
35 37 3
36 37 3
37 37 3
38 37 3
39 37 3
40 37 4
41 37 3
42 37 3
43 37 3
44 37 3
45 37 3
46 37 3
47 37 3
48 37 3
49 37 3
50 37 3
51 37 3
52 37 3
53 37 3
54 37 2
55 37 2
56 37 2
57 37 2
58 37 3
59 37 3
60 37 2
61 37 2
62 37 2
63 37 2
-25 38 4
-24 38 4
-23 38 4
-22 38 5
-21 38 5
-20 38 5
-19 38 5
-18 38 5
-17 38 5
-16 38 5
-15 38 5
-14 38 5
-13 38 5
-12 38 5
-11 38 5
-10 38 6
-9 38 6
-8 38 5
-7 38 3
-6 38 3
-5 38 3
-4 38 3
-3 38 3
-2 38 3
-1 38 4
0 38 4
1 38 4
2 38 4
3 38 4
4 38 4
5 38 5
6 38 5
7 38 4
8 38 4
9 38 4
10 38 4
11 38 4
12 38 4
13 38 4
14 38 4
15 38 4
16 38 6
17 38 6
18 38 6
19 38 1
20 38 1
21 38 1
22 38 1
23 38 1
24 38 1
25 38 2
26 38 2
27 38 3
28 38 3
29 38 3
30 38 3
31 38 3
32 38 3
33 38 3
34 38 3
35 38 3
36 38 3
37 38 3
38 38 3
39 38 3
40 38 3
41 38 3
42 38 3
43 38 3
44 38 3
45 38 3
46 38 3
47 38 3
48 38 3
49 38 3
50 38 3
51 38 2
52 38 2
53 38 1
54 38 1
55 38 1
56 38 1
57 38 2
58 38 2
59 38 2
60 38 2
61 38 2
62 38 2
63 38 2
-25 39 4
-24 39 4
-23 39 4
-22 39 5
-21 39 5
-20 39 5
-19 39 5
-18 39 5
-17 39 5
-16 39 5
-15 39 5
-14 39 6
-13 39 6
-12 39 6
-11 39 6
-10 39 6
-9 39 2
-8 39 2
-7 39 3
-6 39 3
-5 39 3
-4 39 3
-3 39 3
-2 39 3
-1 39 3
0 39 4
1 39 4
2 39 4
3 39 4
4 39 5
5 39 5
6 39 5
7 39 5
8 39 4
9 39 4
10 39 4
11 39 4
12 39 4
13 39 4
14 39 4
15 39 6
16 39 6
17 39 2
18 39 6
19 39 1
20 39 1
21 39 1
22 39 1
23 39 2
24 39 2
25 39 3
26 39 3
27 39 3
28 39 3
29 39 3
30 39 3
31 39 3
32 39 3
33 39 3
34 39 3
35 39 3
36 39 3
37 39 3
38 39 3
39 39 3
40 39 3
41 39 3
42 39 3
43 39 3
44 39 3
45 39 3
46 39 3
47 39 3
48 39 3
49 39 3
50 39 2
51 39 1
52 39 1
53 39 1
54 39 1
55 39 1
56 39 1
57 39 1
58 39 2
59 39 2
60 39 2
61 39 2
62 39 2
63 39 2
-25 40 4
-24 40 4
-23 40 4
-22 40 5
-21 40 5
-20 40 5
-19 40 5
-18 40 5
-17 40 5
-16 40 6
-15 40 6
-14 40 6
-13 40 6
-12 40 6
-11 40 6
-10 40 6
-9 40 2
-8 40 2
-7 40 3
-6 40 3
-5 40 3
-4 40 3
-3 40 3
-2 40 3
-1 40 3
0 40 4
1 40 4
2 40 4
3 40 4
4 40 5
5 40 5
6 40 5
7 40 5
8 40 4
9 40 4
10 40 4
11 40 4
12 40 4
13 40 4
14 40 4
15 40 6
16 40 6
17 40 2
18 40 1
19 40 1
20 40 1
21 40 1
22 40 2
23 40 3
24 40 3
25 40 3
26 40 3
27 40 3
28 40 3
29 40 3
30 40 3
31 40 3
32 40 3
33 40 3
34 40 3
35 40 3
36 40 3
37 40 3
38 40 3
39 40 3
40 40 3
41 40 3
42 40 3
43 40 3
44 40 3
45 40 3
46 40 3
47 40 3
48 40 3
49 40 2
50 40 1
51 40 1
52 40 1
53 40 1
54 40 1
55 40 1
56 40 1
57 40 1
58 40 1
59 40 2
60 40 2
61 40 2
62 40 2
63 40 2
