25.00 -40.00 -18300.00
23.00 -37.00 -13400.00
24.00 -37.00 -13300.00
21.00 -36.00 -31400.00
24.00 -36.00 -13300.00
28.00 -36.00 -11500.00
0.00 -35.00 -10100.00
21.00 -35.00 -32394.66
22.00 -34.00 -34246.92
23.00 -34.00 -31000.00
22.00 -33.00 -41680.51
25.00 -33.00 -40000.00
62.00 -33.00 -10632.59
63.00 -33.00 -10650.00
21.00 -32.00 -43234.07
22.00 -32.00 -41730.05
62.00 -32.00 -9900.00
45.00 -31.00 -22550.00
62.00 -31.00 -9900.00
18.00 -30.00 -41116.26
19.00 -30.00 -40100.00
37.00 -30.00 -14600.00
19.00 -29.00 -41000.00
20.00 -29.00 -40052.51
21.00 -29.00 -40193.69
37.00 -29.00 -14600.00
27.00 -28.00 -34630.00
25.00 -27.00 -41300.00
26.00 -27.00 -41300.00
30.00 -27.00 -34930.00
58.00 -27.00 -11000.00
28.00 -26.00 -36700.00
30.00 -26.00 -34930.00
12.00 -25.00 -11831.37
29.00 -25.00 -36920.00
57.00 -25.00 -9500.00
12.00 -24.00 -18651.42
13.00 -24.00 -27297.39
14.00 -24.00 -31324.96
17.00 -24.00 -41100.00
18.00 -24.00 -46900.00
21.00 -24.00 -43000.00
29.00 -24.00 -35507.75
30.00 -24.00 -34300.00
14.00 -23.00 -29509.53
15.00 -23.00 -30000.00
17.00 -23.00 -44300.00
19.00 -23.00 -46000.00
21.00 -23.00 -43000.00
14.00 -22.00 -34000.00
15.00 -22.00 -39200.00
16.00 -22.00 -41545.17
17.00 -22.00 -50800.00
18.00 -22.00 -44900.00
30.00 -22.00 -35814.28
31.00 -22.00 -35907.56
14.00 -21.00 -34000.00
17.00 -21.00 -47967.10
18.00 -21.00 -50690.55
31.00 -21.00 -40000.00
31.00 -20.00 -40000.00
3.00 -14.00 -8500.00
4.00 -14.00 -8500.00
7.00 -14.00 -5100.00
8.00 -14.00 -10000.00
9.00 -14.00 -6500.00
10.00 -14.00 -7000.00
-4.00 -13.00 -7500.00
4.00 -13.00 -8500.00
7.00 -13.00 -5378.83
8.00 -13.00 -8033.98
9.00 -13.00 -6389.51
10.00 -13.00 -7048.69
11.00 -13.00 -9863.01
12.00 -13.00 -19025.48
-25.00 -12.00 -6000.00
-24.00 -12.00 -6500.00
-23.00 -12.00 -7417.20
-22.00 -12.00 -6826.87
-21.00 -12.00 -15809.00
-20.00 -12.00 -6983.44
-19.00 -12.00 -7041.18
-15.00 -12.00 -4690.85
-14.00 -12.00 -4565.06
-13.00 -12.00 -4500.00
-12.00 -12.00 -4500.00
-11.00 -12.00 -4512.76
-10.00 -12.00 -4600.00
-6.00 -12.00 -5500.00
-5.00 -12.00 -5500.00
-4.00 -12.00 -5500.00
-3.00 -12.00 -5500.00
-2.00 -12.00 -5500.00
-1.00 -12.00 -5500.00
0.00 -12.00 -5500.00
1.00 -12.00 -5500.00
4.00 -12.00 -7584.08
4.00 -11.00 -6500.00
5.00 -11.00 -6500.00
56.00 -10.00 -11200.00
57.00 -10.00 -9209.03
58.00 -10.00 -16600.00
59.00 -10.00 -16600.00
-14.00 -9.00 -10080.07
-13.00 -9.00 -10667.32
-15.00 -8.00 -11297.55
-14.00 -8.00 -11859.36
-13.00 -8.00 -8200.00
59.00 -6.00 -9400.00
60.00 -6.00 -11900.00
59.00 -5.00 -9400.00
60.00 -5.00 -11900.00
37.00 -4.00 -30900.00
38.00 -4.00 -34919.66
39.00 -4.00 -30600.00
40.00 -4.00 -22900.00
38.00 -3.00 -43370.58
39.00 -3.00 -30600.00
27.00 -2.00 -35000.00
28.00 -2.00 -35000.00
35.00 -2.00 -32774.92
36.00 -2.00 -34676.00
37.00 -2.00 -38516.98
38.00 -2.00 -40784.77
34.00 -1.00 -31760.82
35.00 -1.00 -31947.38
36.00 -1.00 -34400.00
37.00 -1.00 -40117.93
-24.00 0.00 -8300.00
34.00 0.00 -36000.00
35.00 0.00 -40591.54
36.00 0.00 -33188.79
7.00 1.00 -13875.06
8.00 1.00 -13000.00
34.00 1.00 -32800.00
35.00 1.00 -35749.62
36.00 1.00 -30282.00
37.00 1.00 -38691.43
38.00 1.00 -33499.61
-20.00 2.00 -9800.00
7.00 2.00 -11874.16
8.00 2.00 -14779.44
36.00 2.00 -22321.88
37.00 2.00 -34626.70
38.00 2.00 -36470.72
-20.00 3.00 -9800.00
8.00 3.00 -14500.00
36.00 3.00 -21851.93
37.00 3.00 -27174.12
38.00 3.00 -44000.00
-3.00 4.00 -24793.80
-2.00 4.00 -24382.87
36.00 4.00 -20667.73
38.00 4.00 -33000.00
39.00 4.00 -33000.00
40.00 4.00 -23000.00
38.00 5.00 -46100.00
39.00 5.00 -46100.00
14.00 7.00 -32300.00
13.00 8.00 -22700.00
14.00 8.00 -22700.00
39.00 8.00 -36852.89
40.00 8.00 -34397.07
13.00 9.00 -23100.00
14.00 9.00 -23100.00
38.00 9.00 -37900.00
39.00 9.00 -43740.00
40.00 9.00 -25456.05
-24.00 10.00 -7575.61
-22.00 10.00 -7800.00
-21.00 10.00 -7800.00
38.00 10.00 -45000.00
39.00 10.00 -44602.41
40.00 10.00 -25187.66
41.00 10.00 -25300.00
-24.00 11.00 -9873.66
-23.00 11.00 -8603.93
41.00 11.00 -25100.00
45.00 11.00 -9800.00
-23.00 12.00 -10200.00
41.00 12.00 -24500.00
44.00 12.00 -9600.00
45.00 12.00 -5300.00
46.00 12.00 -5300.00
41.00 13.00 -23700.00
46.00 13.00 -10700.00
52.00 13.00 -7900.00
40.00 14.00 -16800.00
41.00 14.00 -16800.00
43.00 14.00 -27486.41
44.00 14.00 -27000.00
51.00 14.00 -11100.00
52.00 14.00 -9424.63
53.00 14.00 -9900.00
-24.00 15.00 -17100.00
43.00 15.00 -29586.36
-25.00 16.00 -17981.60
-24.00 16.00 -18694.09
-23.00 16.00 -19100.00
-25.00 17.00 -15800.00
-24.00 17.00 -18310.75
42.00 17.00 -17518.01
42.00 18.00 -38386.95
43.00 18.00 -37500.00
42.00 19.00 -40150.93
43.00 19.00 -40100.00
59.00 19.00 -15855.68
60.00 19.00 -11850.00
44.00 20.00 -40030.00
40.00 21.00 -38700.00
43.00 21.00 -37817.23
-16.00 22.00 -27591.64
-15.00 22.00 -29000.00
43.00 22.00 -34400.00
44.00 22.00 -35000.00
-16.00 23.00 -27721.61
44.00 23.00 -38380.26
45.00 23.00 -39348.86
43.00 24.00 -38400.00
45.00 24.00 -42367.51
46.00 24.00 -42100.00
62.00 24.00 -14800.00
63.00 24.00 -14800.00
46.00 25.00 -41170.00
47.00 25.00 -43760.00
58.00 25.00 -20600.00
59.00 25.00 -20600.00
63.00 25.00 -19300.00
32.00 26.00 -29000.00
33.00 26.00 -29532.22
34.00 26.00 -31999.45
42.00 26.00 -33620.00
43.00 26.00 -33620.00
-18.00 27.00 -10500.00
-17.00 27.00 -11669.77
52.00 27.00 -39500.00
-18.00 28.00 -12200.00
-17.00 28.00 -13916.34
34.00 28.00 -26700.00
35.00 28.00 -26700.00
-17.00 29.00 -13800.00
-16.00 29.00 -11207.86
-15.00 29.00 -15000.00
-10.00 29.00 -29400.00
-8.00 29.00 -31500.00
34.00 29.00 -29900.00
35.00 29.00 -30736.67
56.00 29.00 -64600.00
-16.00 30.00 -11034.33
-15.00 30.00 -11400.00
-10.00 30.00 -21500.00
-9.00 30.00 -21500.00
-7.00 30.00 -30413.02
-6.00 30.00 -30719.99
28.00 30.00 -33000.00
29.00 30.00 -33000.00
35.00 30.00 -35546.19
36.00 30.00 -36914.11
37.00 30.00 -33960.00
56.00 30.00 -33000.00
-10.00 31.00 -31100.00
-9.00 31.00 -30000.00
-8.00 31.00 -29393.19
-7.00 31.00 -31820.47
-4.00 31.00 -35539.71
34.00 31.00 -20717.09
35.00 31.00 -30604.71
36.00 31.00 -31203.83
37.00 31.00 -33968.08
-23.00 32.00 -10900.00
-8.00 32.00 -31218.98
-6.00 32.00 -29400.00
-5.00 32.00 -38645.12
-4.00 32.00 -37714.67
35.00 32.00 -31400.00
36.00 32.00 -32858.45
-9.00 33.00 -34697.56
-8.00 33.00 -34764.19
-7.00 33.00 -36300.00
-6.00 33.00 -33840.18
9.00 33.00 -34061.67
32.00 33.00 -28400.00
-6.00 34.00 -42000.00
-5.00 34.00 -35690.31
9.00 34.00 -35483.90
57.00 34.00 -42000.00
58.00 34.00 -42000.00
-5.00 35.00 -45561.16
-4.00 35.00 -36000.00
-3.00 35.00 -29686.25
-2.00 35.00 -29000.00
8.00 35.00 -35200.00
9.00 35.00 -37152.59
24.00 35.00 -31500.00
26.00 35.00 -32200.00
-10.00 36.00 -15500.00
-6.00 36.00 -32116.74
-5.00 36.00 -26753.81
8.00 36.00 -37300.00
9.00 36.00 -37352.61
16.00 36.00 -17356.94
17.00 36.00 -17996.62
18.00 36.00 -15000.00
-9.00 37.00 -30204.91
-7.00 37.00 -31200.00
-6.00 37.00 -30187.83
-3.00 37.00 -36200.00
8.00 37.00 -24300.00
9.00 37.00 -28247.31
14.00 37.00 -46500.00
15.00 37.00 -46500.00
16.00 37.00 -23788.87
17.00 37.00 -19100.00
26.00 37.00 -23900.00
61.00 37.00 -48562.09
62.00 37.00 -53400.00
-9.00 38.00 -28880.37
-8.00 38.00 -27892.53
-7.00 38.00 -29001.33
8.00 38.00 -23200.00
9.00 38.00 -23200.00
17.00 38.00 -19100.00
24.00 38.00 -29100.00
25.00 38.00 -26300.00
54.00 38.00 -30649.59
55.00 38.00 -30632.11
58.00 38.00 -45900.00
60.00 38.00 -40506.57
61.00 38.00 -37124.91
62.00 38.00 -47887.12
63.00 38.00 -47500.00
-9.00 39.00 -30900.00
-8.00 39.00 -27300.00
-7.00 39.00 -27600.00
-4.00 39.00 -34200.00
1.00 39.00 -20249.34
2.00 39.00 -20946.69
13.00 39.00 -9915.99
16.00 39.00 -27781.11
17.00 39.00 -45000.00
54.00 39.00 -40460.93
55.00 39.00 -41976.16
56.00 39.00 -45844.97
57.00 39.00 -43445.42
58.00 39.00 -41382.92
59.00 39.00 -39756.20
60.00 39.00 -41090.00
63.00 39.00 -49200.00
-4.00 40.00 -30400.00
-3.00 40.00 -30400.00
3.00 40.00 -24085.65
4.00 40.00 -23000.00
8.00 40.00 -30800.00
9.00 40.00 -30800.00
11.00 40.00 -11000.00
13.00 40.00 -9900.00
54.00 40.00 -27000.00
55.00 40.00 -27000.00
59.00 40.00 -37033.33
60.00 40.00 -40800.00
61.00 40.00 -42528.64
62.00 40.00 -40946.32
63.00 40.00 -48400.00
