4.00 -36.00 -6800.00
19.00 -34.00 -33500.00
20.00 -34.00 -38500.00
21.00 -34.00 -48000.00
44.00 -34.00 -22900.00
45.00 -34.00 -22900.00
19.00 -33.00 -34000.00
20.00 -33.00 -34000.00
22.00 -33.00 -42000.00
26.00 -33.00 -35500.00
27.00 -33.00 -35500.00
18.00 -32.00 -1700.00
20.00 -32.00 -46200.00
21.00 -32.00 -46600.00
22.00 -32.00 -41500.00
44.00 -32.00 -22200.00
21.00 -31.00 -45000.00
22.00 -31.00 -48000.00
23.00 -31.00 -46000.00
24.00 -31.00 -44500.00
25.00 -31.00 -35500.00
26.00 -31.00 -35500.00
21.00 -30.00 -40500.00
22.00 -30.00 -43000.00
23.00 -30.00 -37086.62
24.00 -30.00 -35350.00
25.00 -30.00 -36500.00
22.00 -29.00 -40500.00
23.00 -29.00 -38500.00
24.00 -29.00 -36500.00
25.00 -29.00 -36256.09
26.00 -29.00 -38210.00
21.00 -28.00 -40500.00
22.00 -28.00 -48000.00
23.00 -28.00 -41500.00
24.00 -28.00 -38618.63
25.00 -28.00 -38012.51
26.00 -28.00 -38500.00
27.00 -28.00 -39000.00
28.00 -28.00 -40788.23
23.00 -27.00 -42210.00
24.00 -27.00 -39000.00
25.00 -27.00 -38498.67
26.00 -27.00 -38775.32
27.00 -27.00 -37500.00
28.00 -27.00 -38000.00
29.00 -27.00 -40353.75
30.00 -27.00 -38000.00
31.00 -27.00 -35500.00
32.00 -27.00 -35772.39
24.00 -26.00 -43000.00
25.00 -26.00 -39500.00
26.00 -26.00 -41371.46
27.00 -26.00 -43500.00
28.00 -26.00 -35500.00
29.00 -26.00 -39323.00
30.00 -26.00 -42500.00
31.00 -26.00 -44000.00
24.00 -25.00 -41500.00
25.00 -25.00 -41345.40
26.00 -25.00 -44363.68
27.00 -25.00 -42500.00
28.00 -25.00 -45000.00
29.00 -25.00 -45000.00
30.00 -25.00 -48500.00
31.00 -25.00 -48500.00
24.00 -24.00 -43500.00
25.00 -24.00 -41500.00
26.00 -24.00 -42500.00
27.00 -24.00 -40000.00
28.00 -24.00 -42500.00
30.00 -24.00 -43000.00
31.00 -24.00 -37000.00
26.00 -23.00 -41000.00
27.00 -23.00 -43000.00
28.00 -23.00 -43750.00
29.00 -23.00 -42525.06
30.00 -23.00 -41500.00
31.00 -23.00 -37000.00
26.00 -22.00 -46500.00
27.00 -22.00 -40728.66
28.00 -22.00 -41000.00
29.00 -22.00 -47591.82
30.00 -22.00 -46000.00
31.00 -22.00 -34500.00
26.00 -21.00 -40500.00
27.00 -21.00 -42865.75
29.00 -21.00 -39000.00
30.00 -21.00 -36500.00
31.00 -21.00 -36752.80
56.00 -21.00 -10700.00
27.00 -20.00 -29000.00
28.00 -20.00 -38000.00
29.00 -20.00 -38000.00
30.00 -20.00 -37142.29
31.00 -20.00 -37881.57
32.00 -20.00 -37000.00
17.00 -19.00 -42000.00
18.00 -19.00 -42000.00
31.00 -19.00 -37200.00
47.00 -19.00 -35048.61
48.00 -19.00 -31086.88
47.00 -18.00 -28800.00
31.00 -17.00 -29610.00
32.00 -17.00 -29610.00
-6.00 -16.00 -10000.00
28.00 -15.00 -40000.00
36.00 -11.00 -37000.00
35.00 -10.00 -37790.30
32.00 -9.00 -46700.00
33.00 -9.00 -42008.76
34.00 -9.00 -38100.00
35.00 -9.00 -37604.69
-15.00 -8.00 -6400.00
-14.00 -8.00 -6400.00
31.00 -8.00 -46371.74
32.00 -8.00 -45240.47
33.00 -8.00 -38063.76
34.00 -8.00 -37000.00
35.00 -8.00 -38800.00
36.00 -8.00 -40270.50
37.00 -8.00 -37200.00
31.00 -7.00 -44988.75
33.00 -7.00 -42000.00
34.00 -7.00 -42000.00
37.00 -7.00 -36921.08
38.00 -7.00 -36100.00
31.00 -6.00 -40900.00
34.00 -6.00 -38000.00
29.00 -5.00 -40000.00
30.00 -5.00 -40663.50
31.00 -5.00 -40515.22
32.00 -5.00 -40300.00
33.00 -5.00 -37000.00
34.00 -5.00 -37000.00
35.00 -5.00 -37920.93
36.00 -5.00 -37001.02
37.00 -5.00 -36407.53
38.00 -5.00 -39000.00
39.00 -5.00 -39000.00
30.00 -4.00 -38231.91
31.00 -4.00 -39215.93
32.00 -4.00 -37000.00
33.00 -4.00 -37000.00
35.00 -4.00 -40192.71
36.00 -4.00 -37000.00
37.00 -4.00 -36000.00
31.00 -3.00 -39164.45
32.00 -3.00 -36600.00
37.00 -3.00 -38269.07
13.00 -2.00 -45600.00
14.00 -2.00 -45600.00
31.00 -2.00 -44400.00
32.00 -2.00 -43936.67
37.00 -2.00 -39000.00
38.00 -2.00 -40000.00
30.00 -1.00 -37000.00
31.00 -1.00 -36000.00
32.00 -1.00 -42400.00
37.00 -1.00 -40004.17
38.00 -1.00 -39049.56
30.00 0.00 -28170.67
31.00 0.00 -32437.37
32.00 0.00 -36840.93
33.00 0.00 -44400.00
35.00 0.00 -37000.00
36.00 0.00 -30000.00
30.00 1.00 -25876.82
31.00 1.00 -31549.32
33.00 1.00 -44400.00
34.00 1.00 -38000.00
35.00 1.00 -37996.59
10.00 2.00 -28000.00
11.00 2.00 -45500.00
33.00 2.00 -40200.00
34.00 2.00 -40200.00
10.00 3.00 -28000.00
11.00 3.00 -45500.00
12.00 3.00 -45500.00
13.00 3.00 -43000.00
15.00 3.00 -43000.00
36.00 3.00 -19600.00
9.00 4.00 -25500.00
10.00 4.00 -38000.00
11.00 4.00 -40288.80
12.00 4.00 -40720.52
13.00 4.00 -48000.00
15.00 4.00 -43000.00
18.00 4.00 -42700.00
19.00 4.00 -42700.00
9.00 5.00 -28000.00
10.00 5.00 -32937.83
11.00 5.00 -35500.00
12.00 5.00 -36736.67
18.00 5.00 -40000.00
19.00 5.00 -40000.00
-5.00 6.00 -39700.00
-1.00 6.00 -37560.00
0.00 6.00 -34303.56
9.00 6.00 -30500.00
10.00 6.00 -32762.10
11.00 6.00 -36544.04
12.00 6.00 -35500.00
13.00 6.00 -35500.00
14.00 6.00 -35500.00
37.00 6.00 -30000.00
38.00 6.00 -35175.83
-5.00 7.00 -39700.00
0.00 7.00 -32760.00
1.00 7.00 -32760.00
7.00 7.00 -28500.00
8.00 7.00 -28500.00
11.00 7.00 -40500.00
12.00 7.00 -38000.00
13.00 7.00 -34941.23
14.00 7.00 -34150.15
37.00 7.00 -34199.58
38.00 7.00 -37925.44
39.00 7.00 -39076.44
40.00 7.00 -41952.79
13.00 8.00 -30500.00
36.00 8.00 -36000.00
37.00 8.00 -36000.00
38.00 8.00 -34328.46
39.00 8.00 -34506.63
40.00 8.00 -38237.82
13.00 9.00 -27692.11
36.00 9.00 -37163.12
37.00 9.00 -40916.80
38.00 9.00 -40580.38
39.00 9.00 -38307.96
40.00 9.00 -34850.09
41.00 9.00 -39906.50
14.00 10.00 -28000.00
15.00 10.00 -30500.00
38.00 10.00 -43314.87
39.00 10.00 -40974.47
40.00 10.00 -36665.27
41.00 10.00 -30000.00
8.00 11.00 -33250.00
14.00 11.00 -33000.00
37.00 11.00 -44000.00
40.00 11.00 -43900.00
43.00 11.00 -14650.00
37.00 12.00 -44000.00
39.00 12.00 -37000.00
40.00 12.00 -37000.00
41.00 12.00 -26415.79
42.00 12.00 -39220.00
43.00 12.00 -14650.00
2.00 13.00 -41000.00
-17.00 14.00 -26300.00
-4.00 14.00 -42600.00
-17.00 15.00 -26300.00
-4.00 15.00 -42600.00
47.00 16.00 -33000.00
42.00 18.00 -38400.00
43.00 18.00 -41221.30
44.00 18.00 -43500.00
42.00 19.00 -41600.00
41.00 20.00 -38000.00
42.00 20.00 -37759.42
43.00 20.00 -37622.30
40.00 21.00 -37400.00
43.00 21.00 -38100.00
42.00 22.00 -44030.00
43.00 22.00 -44030.00
44.00 22.00 -38200.00
5.00 23.00 -37800.00
6.00 23.00 -37800.00
44.00 23.00 -38057.93
45.00 23.00 -34600.00
5.00 24.00 -33000.00
38.00 24.00 -31600.00
43.00 24.00 -36400.00
44.00 24.00 -40100.00
5.00 25.00 -33000.00
46.00 25.00 -45400.00
47.00 25.00 -42950.20
48.00 25.00 -43332.18
50.00 25.00 -41200.00
39.00 26.00 -35200.00
42.00 26.00 -36500.00
43.00 26.00 -39085.07
49.00 26.00 -48960.00
50.00 26.00 -48960.00
40.00 27.00 -40900.00
42.00 27.00 -36900.00
-10.00 28.00 -32500.00
36.00 28.00 -34400.00
37.00 28.00 -34400.00
-18.00 29.00 -8800.00
-14.00 29.00 -19000.00
-13.00 29.00 -19000.00
-10.00 29.00 -32500.00
36.00 29.00 -36600.00
48.00 29.00 -45000.00
-9.00 30.00 -32831.59
-8.00 30.00 -37436.64
-7.00 30.00 -34150.00
-6.00 30.00 -32902.07
31.00 30.00 -33800.00
32.00 30.00 -32401.14
35.00 30.00 -35500.00
36.00 30.00 -36400.00
53.00 30.00 -32200.00
-10.00 31.00 -24650.00
-9.00 31.00 -34886.24
-8.00 31.00 -41736.17
-7.00 31.00 -29693.08
-6.00 31.00 -30444.69
-4.00 31.00 -25331.01
35.00 31.00 -31500.00
37.00 31.00 -32900.00
-8.00 32.00 -44700.00
-5.00 32.00 -28729.70
-4.00 32.00 -32171.56
13.00 32.00 -29650.00
21.00 32.00 -30650.00
35.00 32.00 -31206.11
38.00 32.00 -37200.00
42.00 32.00 -38700.00
43.00 32.00 -38700.00
57.00 32.00 -54400.00
-7.00 33.00 -32200.00
-5.00 33.00 -31328.91
-4.00 33.00 -37262.12
21.00 33.00 -30650.00
40.00 33.00 -33400.00
41.00 33.00 -33400.00
44.00 33.00 -38000.00
45.00 33.00 -38000.00
56.00 33.00 -42100.00
57.00 33.00 -42200.00
-7.00 34.00 -32800.00
-6.00 34.00 -31855.13
-5.00 34.00 -35992.83
-4.00 34.00 -27747.20
-3.00 34.00 -34400.00
-2.00 34.00 -30198.12
49.00 34.00 -43800.00
50.00 34.00 -43800.00
57.00 34.00 -42200.00
-6.00 35.00 -38821.92
-5.00 35.00 -41377.90
-4.00 35.00 -30609.24
-3.00 35.00 -24767.65
-2.00 35.00 -23238.55
27.00 35.00 -28700.00
51.00 35.00 -45284.56
-5.00 36.00 -40100.00
-3.00 36.00 -21800.00
3.00 36.00 -26200.00
7.00 36.00 -26493.76
8.00 36.00 -26494.71
26.00 36.00 -19800.00
27.00 36.00 -28700.00
41.00 36.00 -35700.00
42.00 36.00 -35700.00
43.00 36.00 -32300.00
45.00 36.00 -40900.00
46.00 36.00 -40900.00
51.00 36.00 -44136.39
52.00 36.00 -46992.54
55.00 36.00 -21400.00
22.00 37.00 -42600.00
27.00 38.00 -24700.00
-8.00 39.00 -31800.00
29.00 39.00 -31510.16
-8.00 40.00 -31800.00
-4.00 40.00 -33514.40
4.00 40.00 -25000.00
33.00 40.00 -36819.87
